kernel line : count latency dram_traffic smem_bk_conflicts smem_warp gmem_access_generated gmem_warp exposed_latency warp_divergence
bfs-rodinia-3.6.sm_70.ptx 147 : 999999 7540920 0 0 0 126183 126183 0 0 
bfs-rodinia-3.6.sm_70.ptx 146 : 999999 6355260 0 0 0 0 0 0 0 
bfs-rodinia-3.6.sm_70.ptx 145 : 999999 7244025 0 0 0 126183 126183 0 0 
bfs-rodinia-3.6.sm_70.ptx 144 : 999999 6969320 0 0 0 0 0 0 0 
bfs-rodinia-3.6.sm_70.ptx 143 : 999999 6840239 0 0 0 126183 126183 0 0 
bfs-rodinia-3.6.sm_70.ptx 142 : 999999 10019559 0 0 0 0 0 0 0 
bfs-rodinia-3.6.sm_70.ptx 141 : 999999 5986784 0 0 0 126183 126183 0 0 
bfs-rodinia-3.6.sm_70.ptx 140 : 999999 6727173 0 0 0 0 0 0 0 
bfs-rodinia-3.6.sm_70.ptx 139 : 999999 9874810 0 0 0 0 0 0 0 
bfs-rodinia-3.6.sm_70.ptx 138 : 999999 6854195 0 0 0 0 0 0 0 
bfs-rodinia-3.6.sm_70.ptx 137 : 999999 6780774 0 0 0 0 0 0 0 
bfs-rodinia-3.6.sm_70.ptx 67 : 1000000 9586609 0 0 0 0 0 0 0 
bfs-rodinia-3.6.sm_70.ptx 66 : 1000000 7355026 0 0 0 0 0 0 0 
bfs-rodinia-3.6.sm_70.ptx 65 : 1000000 56511196 96 0 0 573205 126184 0 0 
bfs-rodinia-3.6.sm_70.ptx 64 : 1000000 10875149 0 0 0 0 0 0 0 
bfs-rodinia-3.6.sm_70.ptx 62 : 1000000 6408135 0 0 0 0 0 0 0 
bfs-rodinia-3.6.sm_70.ptx 60 : 1000000 0 0 0 0 0 0 0 0 
bfs-rodinia-3.6.sm_70.ptx 59 : 1000000 7267860 0 0 0 0 0 0 0 
bfs-rodinia-3.6.sm_70.ptx 58 : 1000000 972425115 18302016 0 0 573205 126184 0 0 
bfs-rodinia-3.6.sm_70.ptx 57 : 1000000 10177063 0 0 0 0 0 0 0 
bfs-rodinia-3.6.sm_70.ptx 56 : 1000000 9976475 0 0 0 0 0 0 0 
bfs-rodinia-3.6.sm_70.ptx 135 : 12000000 75665959 0 0 0 0 0 0 126183 
bfs-rodinia-3.6.sm_70.ptx 55 : 1000000 9646626 0 0 0 0 0 0 0 
bfs-rodinia-3.6.sm_70.ptx 134 : 12000000 90054432 0 0 0 0 0 0 0 
bfs-rodinia-3.6.sm_70.ptx 54 : 1000000 7008554 0 0 0 0 0 0 0 
bfs-rodinia-3.6.sm_70.ptx 133 : 12000000 8910031936 5071616 0 0 375000 375000 0 0 
bfs-rodinia-3.6.sm_70.ptx 53 : 1000000 10295775 0 0 0 126184 126184 0 0 
bfs-rodinia-3.6.sm_70.ptx 132 : 12000000 127777728 0 0 0 0 0 0 0 
bfs-rodinia-3.6.sm_70.ptx 52 : 1000000 5835881 0 0 0 0 0 0 0 
bfs-rodinia-3.6.sm_70.ptx 131 : 12000000 88154976 0 0 0 0 0 0 0 
bfs-rodinia-3.6.sm_70.ptx 63 : 1000000 9339011 0 0 0 0 0 0 0 
bfs-rodinia-3.6.sm_70.ptx 100 : 12005376 71609536 0 0 0 0 0 0 0 
bfs-rodinia-3.6.sm_70.ptx 50 : 12000000 71177515 0 0 0 0 0 0 126184 
bfs-rodinia-3.6.sm_70.ptx 49 : 12000000 91889088 0 0 0 0 0 0 0 
bfs-rodinia-3.6.sm_70.ptx 128 : 12005376 32544 0 0 0 0 0 0 0 
bfs-rodinia-3.6.sm_70.ptx 48 : 12000000 4116784512 5965376 0 0 375000 375000 0 0 
bfs-rodinia-3.6.sm_70.ptx 127 : 12005376 93889344 0 0 0 0 0 0 0 
bfs-rodinia-3.6.sm_70.ptx 36 : 12005376 190374016 0 0 0 0 0 0 0 
bfs-rodinia-3.6.sm_70.ptx 35 : 12005376 190046752 0 0 0 0 0 0 0 
bfs-rodinia-3.6.sm_70.ptx 34 : 12005376 188932544 0 0 0 0 0 0 0 
bfs-rodinia-3.6.sm_70.ptx 33 : 12005376 186826240 0 0 0 0 0 0 0 
bfs-rodinia-3.6.sm_70.ptx 68 : 1000000 9736769 0 0 0 0 0 0 0 
bfs-rodinia-3.6.sm_70.ptx 31 : 12005376 154646752 0 0 0 0 0 0 0 
bfs-rodinia-3.6.sm_70.ptx 32 : 12005376 164543552 0 0 0 0 0 0 0 
bfs-rodinia-3.6.sm_70.ptx 37 : 12005376 189936256 0 0 0 0 0 0 0 
bfs-rodinia-3.6.sm_70.ptx 38 : 12005376 226088736 0 0 0 0 0 0 0 
bfs-rodinia-3.6.sm_70.ptx 39 : 12005376 91247200 0 0 0 0 0 0 0 
bfs-rodinia-3.6.sm_70.ptx 118 : 12005376 149865312 0 0 0 0 0 0 0 
bfs-rodinia-3.6.sm_70.ptx 40 : 12005376 90009856 0 0 0 0 0 0 0 
bfs-rodinia-3.6.sm_70.ptx 119 : 12005376 159992672 0 0 0 0 0 0 0 
bfs-rodinia-3.6.sm_70.ptx 41 : 12005376 142589248 0 0 0 0 0 0 0 
bfs-rodinia-3.6.sm_70.ptx 120 : 12005376 182078016 0 0 0 0 0 0 0 
bfs-rodinia-3.6.sm_70.ptx 42 : 12005376 119606272 0 0 0 0 0 0 0 
bfs-rodinia-3.6.sm_70.ptx 121 : 12005376 185008512 0 0 0 0 0 0 0 
bfs-rodinia-3.6.sm_70.ptx 43 : 12005376 32480 0 0 0 0 0 0 0 
bfs-rodinia-3.6.sm_70.ptx 122 : 12005376 185542784 0 0 0 0 0 0 0 
bfs-rodinia-3.6.sm_70.ptx 45 : 12000000 89578496 0 0 0 0 0 0 0 
bfs-rodinia-3.6.sm_70.ptx 124 : 12005376 88577888 0 0 0 0 0 0 0 
bfs-rodinia-3.6.sm_70.ptx 46 : 12000000 90512096 0 0 0 0 0 0 0 
bfs-rodinia-3.6.sm_70.ptx 125 : 12005376 85918016 0 0 0 0 0 0 0 
bfs-rodinia-3.6.sm_70.ptx 47 : 12000000 128260128 0 0 0 0 0 0 0 
bfs-rodinia-3.6.sm_70.ptx 126 : 12005376 129508160 0 0 0 0 0 0 0 
bfs-rodinia-3.6.sm_70.ptx 69 : 1000000 6458870 0 0 0 0 0 0 0 
bfs-rodinia-3.6.sm_70.ptx 70 : 1000000 6454763 0 0 0 0 0 0 0 
bfs-rodinia-3.6.sm_70.ptx 71 : 1000000 6636085 0 0 0 0 0 0 0 
bfs-rodinia-3.6.sm_70.ptx 150 : 12005376 79017408 0 0 0 0 0 0 0 
bfs-rodinia-3.6.sm_70.ptx 74 : 5999970 4690965783 55860832 0 0 5595611 1042790 0 0 
bfs-rodinia-3.6.sm_70.ptx 75 : 5999970 38939715 0 0 0 0 0 0 0 
bfs-rodinia-3.6.sm_70.ptx 76 : 5999970 55538064 0 0 0 0 0 0 0 
bfs-rodinia-3.6.sm_70.ptx 77 : 5999970 4022467379 6169376 0 0 4312540 1042790 0 0 
bfs-rodinia-3.6.sm_70.ptx 78 : 5999970 37016345 0 0 0 0 0 0 0 
bfs-rodinia-3.6.sm_70.ptx 79 : 5999970 20983505 0 0 0 0 0 0 448935 
bfs-rodinia-3.6.sm_70.ptx 81 : 1930703 1013414726 11380352 0 0 1401930 699737 0 0 
bfs-rodinia-3.6.sm_70.ptx 82 : 1930703 17719388 0 0 0 0 0 0 0 
bfs-rodinia-3.6.sm_70.ptx 83 : 1930703 17555780 0 0 0 0 0 0 0 
bfs-rodinia-3.6.sm_70.ptx 84 : 1930703 17725322 0 0 0 0 0 0 0 
bfs-rodinia-3.6.sm_70.ptx 85 : 1930703 11100813 0 0 0 1750183 699737 0 0 
bfs-rodinia-3.6.sm_70.ptx 86 : 1930703 17593814 0 0 0 0 0 0 0 
bfs-rodinia-3.6.sm_70.ptx 87 : 1930703 9982977 0 0 0 0 0 0 0 
bfs-rodinia-3.6.sm_70.ptx 88 : 1930703 11524328 0 0 0 1491027 699737 0 0 
bfs-rodinia-3.6.sm_70.ptx 89 : 1930703 524735364 8296992 0 0 1702189 699737 0 0 
bfs-rodinia-3.6.sm_70.ptx 90 : 1930703 526029824 5152 0 0 1702189 699737 0 0 
bfs-rodinia-3.6.sm_70.ptx 93 : 5999970 55115558 0 0 0 0 0 0 0 
bfs-rodinia-3.6.sm_70.ptx 94 : 5999970 54760337 0 0 0 0 0 0 0 
bfs-rodinia-3.6.sm_70.ptx 95 : 5999970 54500240 0 0 0 0 0 0 0 
bfs-rodinia-3.6.sm_70.ptx 96 : 5999970 36669562 0 0 0 0 0 0 0 
bfs-rodinia-3.6.sm_70.ptx 97 : 5999970 25743989 0 0 0 0 0 0 399358 
bfs-rodinia-3.6.sm_70.ptx 123 : 12005376 203132480 0 0 0 0 0 0 0 
bfs-rodinia-3.6.sm_70.ptx 130 : 12000000 87137600 0 0 0 0 0 0 0 
