kernel line : count latency dram_traffic smem_bk_conflicts smem_warp gmem_access_generated gmem_warp exposed_latency warp_divergence
nw-rodinia-3.6.sm_70.ptx 680 : 25568 127840 0 0 0 0 0 0 0 
nw-rodinia-3.6.sm_70.ptx 679 : 25568 76704 0 0 0 4794 1598 0 0 
nw-rodinia-3.6.sm_70.ptx 678 : 25584 230112 0 0 0 0 0 0 0 
nw-rodinia-3.6.sm_70.ptx 677 : 25584 76752 0 0 0 3198 1599 0 0 
nw-rodinia-3.6.sm_70.ptx 676 : 25584 230256 0 0 0 0 0 0 0 
nw-rodinia-3.6.sm_70.ptx 675 : 25584 76752 0 0 0 4797 1599 0 0 
nw-rodinia-3.6.sm_70.ptx 674 : 25600 230256 0 0 0 0 0 0 0 
nw-rodinia-3.6.sm_70.ptx 673 : 25600 76800 0 0 0 4800 1600 0 0 
nw-rodinia-3.6.sm_70.ptx 672 : 25600 230400 0 0 0 0 0 0 0 
nw-rodinia-3.6.sm_70.ptx 671 : 25600 76800 0 0 0 4800 1600 0 0 
nw-rodinia-3.6.sm_70.ptx 670 : 25632 230400 0 0 0 0 0 0 0 
nw-rodinia-3.6.sm_70.ptx 669 : 25632 76896 0 0 0 4806 1602 0 0 
nw-rodinia-3.6.sm_70.ptx 668 : 25648 230688 0 0 0 0 0 0 0 
nw-rodinia-3.6.sm_70.ptx 667 : 25664 76944 0 0 0 4812 1604 0 0 
nw-rodinia-3.6.sm_70.ptx 666 : 25712 230976 0 0 0 0 0 0 0 
nw-rodinia-3.6.sm_70.ptx 665 : 25712 77136 0 0 0 4821 1607 0 0 
nw-rodinia-3.6.sm_70.ptx 664 : 25744 231408 0 0 0 0 0 0 0 
nw-rodinia-3.6.sm_70.ptx 663 : 25744 77184 0 0 0 4827 1609 0 0 
nw-rodinia-3.6.sm_70.ptx 662 : 25792 231696 0 0 0 0 0 0 0 
nw-rodinia-3.6.sm_70.ptx 661 : 25808 77376 0 0 0 3226 1613 0 0 
nw-rodinia-3.6.sm_70.ptx 660 : 25824 232272 0 0 0 0 0 0 0 
nw-rodinia-3.6.sm_70.ptx 659 : 25824 77472 0 0 0 4842 1614 0 0 
nw-rodinia-3.6.sm_70.ptx 658 : 25968 232416 0 0 0 0 0 0 0 
nw-rodinia-3.6.sm_70.ptx 657 : 26000 77904 0 0 0 4875 1625 0 0 
nw-rodinia-3.6.sm_70.ptx 656 : 26048 234000 0 0 0 0 0 0 0 
nw-rodinia-3.6.sm_70.ptx 655 : 26048 78144 0 0 0 4884 1628 0 0 
nw-rodinia-3.6.sm_70.ptx 654 : 26048 234432 0 0 0 0 0 0 0 
nw-rodinia-3.6.sm_70.ptx 653 : 26048 78144 0 0 0 4884 1628 0 0 
nw-rodinia-3.6.sm_70.ptx 652 : 26064 234432 0 0 0 0 0 0 0 
nw-rodinia-3.6.sm_70.ptx 651 : 26064 78192 0 0 0 4887 1629 0 0 
nw-rodinia-3.6.sm_70.ptx 650 : 26128 234576 0 0 0 0 0 0 0 
nw-rodinia-3.6.sm_70.ptx 649 : 26176 78384 0 0 0 4908 1636 0 0 
nw-rodinia-3.6.sm_70.ptx 648 : 26176 651200 0 1636 1636 0 0 0 0 
nw-rodinia-3.6.sm_70.ptx 647 : 26208 651200 0 1638 1638 0 0 0 0 
nw-rodinia-3.6.sm_70.ptx 646 : 26208 651200 0 1638 1638 0 0 0 0 
nw-rodinia-3.6.sm_70.ptx 645 : 26208 651200 0 1638 1638 0 0 0 0 
nw-rodinia-3.6.sm_70.ptx 644 : 26208 625152 0 1638 1638 0 0 0 0 
nw-rodinia-3.6.sm_70.ptx 643 : 26208 625152 0 1638 1638 0 0 0 0 
nw-rodinia-3.6.sm_70.ptx 642 : 26208 625152 0 1638 1638 0 0 0 0 
nw-rodinia-3.6.sm_70.ptx 641 : 26224 625152 0 1639 1639 0 0 0 0 
nw-rodinia-3.6.sm_70.ptx 640 : 26240 625536 0 1640 1640 0 0 0 0 
nw-rodinia-3.6.sm_70.ptx 639 : 26256 625536 0 1641 1641 0 0 0 0 
nw-rodinia-3.6.sm_70.ptx 638 : 26272 625536 0 1642 1642 0 0 0 0 
nw-rodinia-3.6.sm_70.ptx 637 : 26272 625536 0 1642 1642 0 0 0 0 
nw-rodinia-3.6.sm_70.ptx 636 : 26288 625536 0 1643 1643 0 0 0 0 
nw-rodinia-3.6.sm_70.ptx 635 : 26288 625536 0 1643 1643 0 0 0 0 
nw-rodinia-3.6.sm_70.ptx 634 : 26288 625536 0 1643 1643 0 0 0 0 
nw-rodinia-3.6.sm_70.ptx 633 : 26288 235872 0 0 0 0 0 0 0 
nw-rodinia-3.6.sm_70.ptx 632 : 26352 628224 0 1647 1647 0 0 0 0 
nw-rodinia-3.6.sm_70.ptx 631 : 26352 236592 0 0 0 0 0 0 0 
nw-rodinia-3.6.sm_70.ptx 630 : 26368 237168 0 0 0 0 0 0 0 
nw-rodinia-3.6.sm_70.ptx 629 : 26400 237312 0 0 0 0 0 0 0 
nw-rodinia-3.6.sm_70.ptx 628 : 26416 237600 0 0 0 0 0 0 0 
nw-rodinia-3.6.sm_70.ptx 627 : 26416 158400 0 0 0 0 0 0 0 
nw-rodinia-3.6.sm_70.ptx 626 : 26432 158496 0 0 0 0 0 0 0 
nw-rodinia-3.6.sm_70.ptx 625 : 26432 52864 0 0 0 0 0 0 0 
nw-rodinia-3.6.sm_70.ptx 624 : 26432 132160 0 0 0 0 0 0 0 
nw-rodinia-3.6.sm_70.ptx 621 : 1652 4956 0 1652 1652 0 0 0 0 
nw-rodinia-3.6.sm_70.ptx 620 : 1652 29736 0 0 0 0 0 0 0 
nw-rodinia-3.6.sm_70.ptx 619 : 1652 29736 0 0 0 0 0 0 0 
nw-rodinia-3.6.sm_70.ptx 618 : 1652 14868 0 0 0 0 0 0 0 
nw-rodinia-3.6.sm_70.ptx 617 : 1652 39648 0 1652 1652 0 0 0 0 
nw-rodinia-3.6.sm_70.ptx 616 : 1652 14868 0 0 0 0 0 0 0 
nw-rodinia-3.6.sm_70.ptx 615 : 1652 39648 0 1652 1652 0 0 0 0 
nw-rodinia-3.6.sm_70.ptx 614 : 1652 14868 0 0 0 0 0 0 0 
nw-rodinia-3.6.sm_70.ptx 613 : 1652 39648 0 1652 1652 0 0 0 0 
nw-rodinia-3.6.sm_70.ptx 612 : 1652 39648 0 1652 1652 0 0 0 0 
nw-rodinia-3.6.sm_70.ptx 610 : 26432 123900 0 0 0 0 0 0 1652 
nw-rodinia-3.6.sm_70.ptx 609 : 26432 132160 0 0 0 0 0 0 0 
nw-rodinia-3.6.sm_70.ptx 606 : 3304 9912 0 1652 1652 0 0 0 0 
nw-rodinia-3.6.sm_70.ptx 605 : 3304 59472 0 0 0 0 0 0 0 
nw-rodinia-3.6.sm_70.ptx 604 : 3306 59472 0 0 0 0 0 0 0 
nw-rodinia-3.6.sm_70.ptx 603 : 3306 29754 0 0 0 0 0 0 0 
nw-rodinia-3.6.sm_70.ptx 602 : 3306 79344 0 1653 1653 0 0 0 0 
nw-rodinia-3.6.sm_70.ptx 601 : 3306 29754 0 0 0 0 0 0 0 
nw-rodinia-3.6.sm_70.ptx 600 : 3306 79344 0 1653 1653 0 0 0 0 
nw-rodinia-3.6.sm_70.ptx 599 : 3306 29754 0 0 0 0 0 0 0 
nw-rodinia-3.6.sm_70.ptx 598 : 3306 79344 0 1653 1653 0 0 0 0 
nw-rodinia-3.6.sm_70.ptx 597 : 3306 79344 0 1653 1653 0 0 0 0 
nw-rodinia-3.6.sm_70.ptx 595 : 26448 115710 0 0 0 0 0 0 1653 
nw-rodinia-3.6.sm_70.ptx 594 : 26448 132240 0 0 0 0 0 0 0 
nw-rodinia-3.6.sm_70.ptx 591 : 4959 19836 0 3306 1653 0 0 0 0 
nw-rodinia-3.6.sm_70.ptx 590 : 4959 89262 0 0 0 0 0 0 0 
nw-rodinia-3.6.sm_70.ptx 589 : 4959 89262 0 0 0 0 0 0 0 
nw-rodinia-3.6.sm_70.ptx 588 : 4959 44631 0 0 0 0 0 0 0 
nw-rodinia-3.6.sm_70.ptx 587 : 4959 123975 0 3306 1653 0 0 0 0 
nw-rodinia-3.6.sm_70.ptx 586 : 4959 44631 0 0 0 0 0 0 0 
nw-rodinia-3.6.sm_70.ptx 585 : 4959 123975 0 3306 1653 0 0 0 0 
nw-rodinia-3.6.sm_70.ptx 584 : 4959 44631 0 0 0 0 0 0 0 
nw-rodinia-3.6.sm_70.ptx 583 : 4959 123975 0 3306 1653 0 0 0 0 
nw-rodinia-3.6.sm_70.ptx 582 : 4959 119016 0 1653 1653 0 0 0 0 
nw-rodinia-3.6.sm_70.ptx 580 : 26448 107445 0 0 0 0 0 0 1653 
nw-rodinia-3.6.sm_70.ptx 579 : 26448 132240 0 0 0 0 0 0 0 
nw-rodinia-3.6.sm_70.ptx 576 : 6612 26448 0 3306 1653 0 0 0 0 
nw-rodinia-3.6.sm_70.ptx 575 : 6612 119016 0 0 0 0 0 0 0 
nw-rodinia-3.6.sm_70.ptx 574 : 6612 119016 0 0 0 0 0 0 0 
nw-rodinia-3.6.sm_70.ptx 573 : 6612 59508 0 0 0 0 0 0 0 
nw-rodinia-3.6.sm_70.ptx 572 : 6612 165300 0 3306 1653 0 0 0 0 
nw-rodinia-3.6.sm_70.ptx 571 : 6612 59508 0 0 0 0 0 0 0 
nw-rodinia-3.6.sm_70.ptx 570 : 6612 165300 0 3306 1653 0 0 0 0 
nw-rodinia-3.6.sm_70.ptx 569 : 6612 59508 0 0 0 0 0 0 0 
nw-rodinia-3.6.sm_70.ptx 568 : 6612 165300 0 3306 1653 0 0 0 0 
nw-rodinia-3.6.sm_70.ptx 567 : 6612 158688 0 1653 1653 0 0 0 0 
nw-rodinia-3.6.sm_70.ptx 565 : 26448 99180 0 0 0 0 0 0 1653 
nw-rodinia-3.6.sm_70.ptx 564 : 26448 132240 0 0 0 0 0 0 0 
nw-rodinia-3.6.sm_70.ptx 561 : 8265 41325 0 4959 1653 0 0 0 0 
nw-rodinia-3.6.sm_70.ptx 560 : 8265 148770 0 0 0 0 0 0 0 
nw-rodinia-3.6.sm_70.ptx 559 : 8265 148770 0 0 0 0 0 0 0 
nw-rodinia-3.6.sm_70.ptx 558 : 8265 74385 0 0 0 0 0 0 0 
nw-rodinia-3.6.sm_70.ptx 557 : 8265 214890 0 4959 1653 0 0 0 0 
nw-rodinia-3.6.sm_70.ptx 556 : 8265 74385 0 0 0 0 0 0 0 
nw-rodinia-3.6.sm_70.ptx 555 : 8265 214890 0 4959 1653 0 0 0 0 
nw-rodinia-3.6.sm_70.ptx 554 : 8265 74385 0 0 0 0 0 0 0 
nw-rodinia-3.6.sm_70.ptx 553 : 8265 214890 0 4959 1653 0 0 0 0 
nw-rodinia-3.6.sm_70.ptx 552 : 8265 198360 0 1653 1653 0 0 0 0 
nw-rodinia-3.6.sm_70.ptx 550 : 26448 90915 0 0 0 0 0 0 1653 
nw-rodinia-3.6.sm_70.ptx 549 : 26448 132240 0 0 0 0 0 0 0 
nw-rodinia-3.6.sm_70.ptx 546 : 9918 49590 0 4959 1653 0 0 0 0 
nw-rodinia-3.6.sm_70.ptx 545 : 9918 178524 0 0 0 0 0 0 0 
nw-rodinia-3.6.sm_70.ptx 544 : 9918 178524 0 0 0 0 0 0 0 
nw-rodinia-3.6.sm_70.ptx 543 : 9918 89262 0 0 0 0 0 0 0 
nw-rodinia-3.6.sm_70.ptx 542 : 9918 257868 0 4959 1653 0 0 0 0 
nw-rodinia-3.6.sm_70.ptx 541 : 9918 89262 0 0 0 0 0 0 0 
nw-rodinia-3.6.sm_70.ptx 540 : 9918 257868 0 4959 1653 0 0 0 0 
nw-rodinia-3.6.sm_70.ptx 539 : 9918 89262 0 0 0 0 0 0 0 
nw-rodinia-3.6.sm_70.ptx 538 : 9918 267786 0 4959 1653 0 0 0 0 
nw-rodinia-3.6.sm_70.ptx 537 : 9918 247950 0 1653 1653 0 0 0 0 
nw-rodinia-3.6.sm_70.ptx 535 : 26448 82650 0 0 0 0 0 0 1653 
nw-rodinia-3.6.sm_70.ptx 534 : 26448 132240 0 0 0 0 0 0 0 
nw-rodinia-3.6.sm_70.ptx 531 : 11571 69426 0 6612 1653 0 0 0 0 
nw-rodinia-3.6.sm_70.ptx 530 : 11571 208278 0 0 0 0 0 0 0 
nw-rodinia-3.6.sm_70.ptx 529 : 11571 208278 0 0 0 0 0 0 0 
nw-rodinia-3.6.sm_70.ptx 528 : 11571 104139 0 0 0 0 0 0 0 
nw-rodinia-3.6.sm_70.ptx 527 : 11571 312417 0 6612 1653 0 0 0 0 
nw-rodinia-3.6.sm_70.ptx 526 : 11571 104139 0 0 0 0 0 0 0 
nw-rodinia-3.6.sm_70.ptx 525 : 11571 312417 0 6612 1653 0 0 0 0 
nw-rodinia-3.6.sm_70.ptx 524 : 11571 104139 0 0 0 0 0 0 0 
nw-rodinia-3.6.sm_70.ptx 523 : 11571 323988 0 6612 1653 0 0 0 0 
nw-rodinia-3.6.sm_70.ptx 522 : 11571 289275 0 1653 1653 0 0 0 0 
nw-rodinia-3.6.sm_70.ptx 520 : 26448 74385 0 0 0 0 0 0 1653 
nw-rodinia-3.6.sm_70.ptx 519 : 26448 132240 0 0 0 0 0 0 0 
nw-rodinia-3.6.sm_70.ptx 516 : 13224 79344 0 6612 1653 0 0 0 0 
nw-rodinia-3.6.sm_70.ptx 515 : 13224 238032 0 0 0 0 0 0 0 
nw-rodinia-3.6.sm_70.ptx 514 : 13224 238032 0 0 0 0 0 0 0 
nw-rodinia-3.6.sm_70.ptx 513 : 13224 119016 0 0 0 0 0 0 0 
nw-rodinia-3.6.sm_70.ptx 512 : 13224 357048 0 6612 1653 0 0 0 0 
nw-rodinia-3.6.sm_70.ptx 511 : 13224 119016 0 0 0 0 0 0 0 
nw-rodinia-3.6.sm_70.ptx 510 : 13224 357048 0 6612 1653 0 0 0 0 
nw-rodinia-3.6.sm_70.ptx 509 : 13224 119016 0 0 0 0 0 0 0 
nw-rodinia-3.6.sm_70.ptx 508 : 13224 383496 0 6612 1653 0 0 0 0 
nw-rodinia-3.6.sm_70.ptx 507 : 13224 343824 0 1653 1653 0 0 0 0 
nw-rodinia-3.6.sm_70.ptx 505 : 26448 66120 0 0 0 0 0 0 1653 
nw-rodinia-3.6.sm_70.ptx 504 : 26448 132240 0 0 0 0 0 0 0 
nw-rodinia-3.6.sm_70.ptx 501 : 14877 104139 0 8265 1653 0 0 0 0 
nw-rodinia-3.6.sm_70.ptx 500 : 14877 267786 0 0 0 0 0 0 0 
nw-rodinia-3.6.sm_70.ptx 499 : 14877 267786 0 0 0 0 0 0 0 
nw-rodinia-3.6.sm_70.ptx 498 : 14877 133893 0 0 0 0 0 0 0 
nw-rodinia-3.6.sm_70.ptx 497 : 14877 416556 0 8265 1653 0 0 0 0 
nw-rodinia-3.6.sm_70.ptx 496 : 14877 133893 0 0 0 0 0 0 0 
nw-rodinia-3.6.sm_70.ptx 495 : 14877 416556 0 8265 1653 0 0 0 0 
nw-rodinia-3.6.sm_70.ptx 494 : 14877 133893 0 0 0 0 0 0 0 
nw-rodinia-3.6.sm_70.ptx 493 : 14877 446310 0 8265 1653 0 0 0 0 
nw-rodinia-3.6.sm_70.ptx 492 : 14877 386802 0 1653 1653 0 0 0 0 
nw-rodinia-3.6.sm_70.ptx 490 : 26448 57855 0 0 0 0 0 0 1653 
nw-rodinia-3.6.sm_70.ptx 489 : 26448 132240 0 0 0 0 0 0 0 
nw-rodinia-3.6.sm_70.ptx 486 : 16530 115710 0 8265 1653 0 0 0 0 
nw-rodinia-3.6.sm_70.ptx 485 : 16530 297540 0 0 0 0 0 0 0 
nw-rodinia-3.6.sm_70.ptx 484 : 16530 297540 0 0 0 0 0 0 0 
nw-rodinia-3.6.sm_70.ptx 483 : 16530 148770 0 0 0 0 0 0 0 
nw-rodinia-3.6.sm_70.ptx 482 : 16530 462840 0 8265 1653 0 0 0 0 
nw-rodinia-3.6.sm_70.ptx 481 : 16530 148770 0 0 0 0 0 0 0 
nw-rodinia-3.6.sm_70.ptx 480 : 16530 462840 0 8265 1653 0 0 0 0 
nw-rodinia-3.6.sm_70.ptx 479 : 16530 148770 0 0 0 0 0 0 0 
nw-rodinia-3.6.sm_70.ptx 478 : 16530 512430 0 8265 1653 0 0 0 0 
nw-rodinia-3.6.sm_70.ptx 477 : 16530 446310 0 1653 1653 0 0 0 0 
nw-rodinia-3.6.sm_70.ptx 475 : 26448 49590 0 0 0 0 0 0 1653 
nw-rodinia-3.6.sm_70.ptx 474 : 26448 132240 0 0 0 0 0 0 0 
nw-rodinia-3.6.sm_70.ptx 471 : 18183 145464 0 9918 1653 0 0 0 0 
nw-rodinia-3.6.sm_70.ptx 470 : 18183 327294 0 0 0 0 0 0 0 
nw-rodinia-3.6.sm_70.ptx 469 : 18183 327294 0 0 0 0 0 0 0 
nw-rodinia-3.6.sm_70.ptx 468 : 18183 163647 0 0 0 0 0 0 0 
nw-rodinia-3.6.sm_70.ptx 467 : 18183 527307 0 9918 1653 0 0 0 0 
nw-rodinia-3.6.sm_70.ptx 466 : 18183 163647 0 0 0 0 0 0 0 
nw-rodinia-3.6.sm_70.ptx 465 : 18183 527307 0 9918 1653 0 0 0 0 
nw-rodinia-3.6.sm_70.ptx 464 : 18183 163647 0 0 0 0 0 0 0 
nw-rodinia-3.6.sm_70.ptx 463 : 18183 581856 0 9918 1653 0 0 0 0 
nw-rodinia-3.6.sm_70.ptx 462 : 18183 490941 0 1653 1653 0 0 0 0 
nw-rodinia-3.6.sm_70.ptx 460 : 26448 41325 0 0 0 0 0 0 1653 
nw-rodinia-3.6.sm_70.ptx 459 : 26448 132240 0 0 0 0 0 0 0 
nw-rodinia-3.6.sm_70.ptx 456 : 19836 158688 0 9918 1653 0 0 0 0 
nw-rodinia-3.6.sm_70.ptx 455 : 19836 357048 0 0 0 0 0 0 0 
nw-rodinia-3.6.sm_70.ptx 454 : 19836 357048 0 0 0 0 0 0 0 
nw-rodinia-3.6.sm_70.ptx 453 : 19836 178524 0 0 0 0 0 0 0 
nw-rodinia-3.6.sm_70.ptx 452 : 19836 575244 0 9918 1653 0 0 0 0 
nw-rodinia-3.6.sm_70.ptx 451 : 19836 178524 0 0 0 0 0 0 0 
nw-rodinia-3.6.sm_70.ptx 450 : 19836 575244 0 9918 1653 0 0 0 0 
nw-rodinia-3.6.sm_70.ptx 449 : 19836 178524 0 0 0 0 0 0 0 
nw-rodinia-3.6.sm_70.ptx 448 : 19836 654588 0 9918 1653 0 0 0 0 
nw-rodinia-3.6.sm_70.ptx 447 : 19836 555408 0 1653 1653 0 0 0 0 
nw-rodinia-3.6.sm_70.ptx 445 : 26448 33060 0 0 0 0 0 0 1653 
nw-rodinia-3.6.sm_70.ptx 444 : 26448 132240 0 0 0 0 0 0 0 
nw-rodinia-3.6.sm_70.ptx 441 : 21489 193401 0 11571 1653 0 0 0 0 
nw-rodinia-3.6.sm_70.ptx 440 : 21489 386802 0 0 0 0 0 0 0 
nw-rodinia-3.6.sm_70.ptx 439 : 21489 386802 0 0 0 0 0 0 0 
nw-rodinia-3.6.sm_70.ptx 438 : 21489 193401 0 0 0 0 0 0 0 
nw-rodinia-3.6.sm_70.ptx 437 : 21489 644670 0 11571 1653 0 0 0 0 
nw-rodinia-3.6.sm_70.ptx 436 : 21489 193401 0 0 0 0 0 0 0 
nw-rodinia-3.6.sm_70.ptx 435 : 21489 644670 0 11571 1653 0 0 0 0 
nw-rodinia-3.6.sm_70.ptx 434 : 21489 193401 0 0 0 0 0 0 0 
nw-rodinia-3.6.sm_70.ptx 433 : 21489 730626 0 11571 1653 0 0 0 0 
nw-rodinia-3.6.sm_70.ptx 432 : 21489 601692 0 1653 1653 0 0 0 0 
nw-rodinia-3.6.sm_70.ptx 430 : 26448 24795 0 0 0 0 0 0 1653 
nw-rodinia-3.6.sm_70.ptx 429 : 26448 132240 0 0 0 0 0 0 0 
nw-rodinia-3.6.sm_70.ptx 202 : 6612 119016 0 0 0 0 0 0 0 
nw-rodinia-3.6.sm_70.ptx 201 : 6612 59508 0 0 0 0 0 0 0 
nw-rodinia-3.6.sm_70.ptx 200 : 6612 165300 0 3306 1653 0 0 0 0 
nw-rodinia-3.6.sm_70.ptx 199 : 6612 59508 0 0 0 0 0 0 0 
nw-rodinia-3.6.sm_70.ptx 198 : 6612 165300 0 3306 1653 0 0 0 0 
nw-rodinia-3.6.sm_70.ptx 197 : 6612 59508 0 0 0 0 0 0 0 
nw-rodinia-3.6.sm_70.ptx 196 : 6612 165300 0 3306 1653 0 0 0 0 
nw-rodinia-3.6.sm_70.ptx 195 : 6612 158688 0 1653 1653 0 0 0 0 
nw-rodinia-3.6.sm_70.ptx 193 : 26448 99180 0 0 0 0 0 0 1653 
nw-rodinia-3.6.sm_70.ptx 192 : 26448 158688 0 0 0 0 0 0 0 
nw-rodinia-3.6.sm_70.ptx 191 : 26448 132240 0 0 0 0 0 0 0 
nw-rodinia-3.6.sm_70.ptx 188 : 4959 19836 0 3306 1653 0 0 0 0 
nw-rodinia-3.6.sm_70.ptx 187 : 4959 89262 0 0 0 0 0 0 0 
nw-rodinia-3.6.sm_70.ptx 186 : 4959 89262 0 0 0 0 0 0 0 
nw-rodinia-3.6.sm_70.ptx 185 : 4959 44631 0 0 0 0 0 0 0 
nw-rodinia-3.6.sm_70.ptx 184 : 4959 123975 0 3306 1653 0 0 0 0 
nw-rodinia-3.6.sm_70.ptx 183 : 4959 44631 0 0 0 0 0 0 0 
nw-rodinia-3.6.sm_70.ptx 182 : 4959 123975 0 3306 1653 0 0 0 0 
nw-rodinia-3.6.sm_70.ptx 181 : 4959 44631 0 0 0 0 0 0 0 
nw-rodinia-3.6.sm_70.ptx 180 : 4959 123975 0 3306 1653 0 0 0 0 
nw-rodinia-3.6.sm_70.ptx 179 : 4959 119016 0 1653 1653 0 0 0 0 
nw-rodinia-3.6.sm_70.ptx 177 : 26448 107445 0 0 0 0 0 0 1653 
nw-rodinia-3.6.sm_70.ptx 176 : 26448 158688 0 0 0 0 0 0 0 
nw-rodinia-3.6.sm_70.ptx 175 : 26448 132240 0 0 0 0 0 0 0 
nw-rodinia-3.6.sm_70.ptx 172 : 3306 9918 0 1653 1653 0 0 0 0 
nw-rodinia-3.6.sm_70.ptx 171 : 3306 59508 0 0 0 0 0 0 0 
nw-rodinia-3.6.sm_70.ptx 170 : 3306 59508 0 0 0 0 0 0 0 
nw-rodinia-3.6.sm_70.ptx 169 : 3306 29754 0 0 0 0 0 0 0 
nw-rodinia-3.6.sm_70.ptx 168 : 3306 79344 0 1653 1653 0 0 0 0 
nw-rodinia-3.6.sm_70.ptx 167 : 3306 29754 0 0 0 0 0 0 0 
nw-rodinia-3.6.sm_70.ptx 166 : 3306 79344 0 1653 1653 0 0 0 0 
nw-rodinia-3.6.sm_70.ptx 165 : 3306 29754 0 0 0 0 0 0 0 
nw-rodinia-3.6.sm_70.ptx 164 : 3306 79344 0 1653 1653 0 0 0 0 
nw-rodinia-3.6.sm_70.ptx 163 : 3306 79344 0 1653 1653 0 0 0 0 
nw-rodinia-3.6.sm_70.ptx 161 : 26448 115710 0 0 0 0 0 0 1653 
nw-rodinia-3.6.sm_70.ptx 160 : 26448 158688 0 0 0 0 0 0 0 
nw-rodinia-3.6.sm_70.ptx 159 : 26448 132240 0 0 0 0 0 0 0 
nw-rodinia-3.6.sm_70.ptx 156 : 1653 4959 0 1653 1653 0 0 0 0 
nw-rodinia-3.6.sm_70.ptx 155 : 1653 29754 0 0 0 0 0 0 0 
nw-rodinia-3.6.sm_70.ptx 154 : 1653 29754 0 0 0 0 0 0 0 
nw-rodinia-3.6.sm_70.ptx 153 : 1653 14877 0 0 0 0 0 0 0 
nw-rodinia-3.6.sm_70.ptx 152 : 1653 39672 0 1653 1653 0 0 0 0 
nw-rodinia-3.6.sm_70.ptx 151 : 1653 14877 0 0 0 0 0 0 0 
nw-rodinia-3.6.sm_70.ptx 150 : 1653 39672 0 1653 1653 0 0 0 0 
nw-rodinia-3.6.sm_70.ptx 149 : 1653 14877 0 0 0 0 0 0 0 
nw-rodinia-3.6.sm_70.ptx 148 : 1653 39672 0 1653 1653 0 0 0 0 
nw-rodinia-3.6.sm_70.ptx 147 : 1653 39672 0 1653 1653 0 0 0 0 
nw-rodinia-3.6.sm_70.ptx 145 : 26448 123975 0 0 0 0 0 0 1653 
nw-rodinia-3.6.sm_70.ptx 144 : 26448 158688 0 0 0 0 0 0 0 
nw-rodinia-3.6.sm_70.ptx 143 : 26448 238032 0 0 0 0 0 0 0 
nw-rodinia-3.6.sm_70.ptx 142 : 26448 264480 0 0 0 0 0 0 0 
nw-rodinia-3.6.sm_70.ptx 141 : 26448 158688 0 0 0 0 0 0 0 
nw-rodinia-3.6.sm_70.ptx 140 : 26448 238032 0 0 0 0 0 0 0 
nw-rodinia-3.6.sm_70.ptx 139 : 26448 264480 0 0 0 0 0 0 0 
nw-rodinia-3.6.sm_70.ptx 138 : 26448 158688 0 0 0 0 0 0 0 
nw-rodinia-3.6.sm_70.ptx 137 : 26448 158688 0 0 0 0 0 0 0 
nw-rodinia-3.6.sm_70.ptx 136 : 26448 132240 0 0 0 0 0 0 0 
nw-rodinia-3.6.sm_70.ptx 135 : 26448 132240 0 0 0 0 0 0 0 
nw-rodinia-3.6.sm_70.ptx 134 : 26448 79344 0 1653 1653 0 0 0 0 
nw-rodinia-3.6.sm_70.ptx 133 : 26448 238032 0 0 0 0 0 0 0 
nw-rodinia-3.6.sm_70.ptx 132 : 26448 5249280 3648 0 0 4959 1653 0 0 
nw-rodinia-3.6.sm_70.ptx 131 : 26448 238032 0 0 0 0 0 0 0 
nw-rodinia-3.6.sm_70.ptx 130 : 26448 238032 0 0 0 0 0 0 0 
nw-rodinia-3.6.sm_70.ptx 129 : 26448 238032 0 0 0 0 0 0 0 
nw-rodinia-3.6.sm_70.ptx 128 : 26448 238032 0 0 0 0 0 0 0 
nw-rodinia-3.6.sm_70.ptx 127 : 26448 158688 0 0 0 0 0 0 0 
nw-rodinia-3.6.sm_70.ptx 126 : 26448 132240 0 0 0 0 0 0 0 
nw-rodinia-3.6.sm_70.ptx 125 : 26448 79344 0 1653 1653 0 0 0 0 
nw-rodinia-3.6.sm_70.ptx 124 : 26448 264480 0 0 0 0 0 0 0 
nw-rodinia-3.6.sm_70.ptx 123 : 26448 132240 0 0 0 0 0 0 0 
nw-rodinia-3.6.sm_70.ptx 122 : 26448 12011200 744192 0 0 26448 1653 0 0 
nw-rodinia-3.6.sm_70.ptx 121 : 26448 238032 0 0 0 0 0 0 0 
nw-rodinia-3.6.sm_70.ptx 120 : 26448 238032 0 0 0 0 0 0 0 
nw-rodinia-3.6.sm_70.ptx 119 : 26448 238032 0 0 0 0 0 0 0 
nw-rodinia-3.6.sm_70.ptx 118 : 26448 290928 0 0 0 0 0 0 0 
nw-rodinia-3.6.sm_70.ptx 117 : 26448 52896 0 0 0 0 0 0 0 
nw-rodinia-3.6.sm_70.ptx 72 : 26448 9209328 107616 0 0 4959 1653 0 0 
nw-rodinia-3.6.sm_70.ptx 409 : 24795 446310 0 0 0 0 0 0 0 
nw-rodinia-3.6.sm_70.ptx 71 : 26448 238032 0 0 0 0 0 0 0 
nw-rodinia-3.6.sm_70.ptx 408 : 24795 223155 0 0 0 0 0 0 0 
nw-rodinia-3.6.sm_70.ptx 70 : 26448 158688 0 0 0 0 0 0 0 
nw-rodinia-3.6.sm_70.ptx 407 : 24795 768645 0 13224 1653 0 0 0 0 
nw-rodinia-3.6.sm_70.ptx 69 : 26448 158688 0 0 0 0 0 0 0 
nw-rodinia-3.6.sm_70.ptx 406 : 24795 223155 0 0 0 0 0 0 0 
nw-rodinia-3.6.sm_70.ptx 68 : 26448 79344 0 1653 1653 0 0 0 0 
nw-rodinia-3.6.sm_70.ptx 405 : 24795 768645 0 13224 1653 0 0 0 0 
nw-rodinia-3.6.sm_70.ptx 67 : 26448 238032 0 0 0 0 0 0 0 
nw-rodinia-3.6.sm_70.ptx 404 : 24795 223155 0 0 0 0 0 0 0 
nw-rodinia-3.6.sm_70.ptx 66 : 26448 132240 0 0 0 0 0 0 0 
nw-rodinia-3.6.sm_70.ptx 403 : 24795 892620 0 13224 1653 0 0 0 0 
nw-rodinia-3.6.sm_70.ptx 65 : 26448 158688 0 0 0 0 0 0 0 
nw-rodinia-3.6.sm_70.ptx 402 : 24795 719055 0 1653 1653 0 0 0 0 
nw-rodinia-3.6.sm_70.ptx 64 : 26448 9303712 107616 0 0 4959 1653 0 0 
nw-rodinia-3.6.sm_70.ptx 63 : 26448 238032 0 0 0 0 0 0 0 
nw-rodinia-3.6.sm_70.ptx 400 : 26448 8265 0 0 0 0 0 0 1653 
nw-rodinia-3.6.sm_70.ptx 62 : 26448 238032 0 0 0 0 0 0 0 
nw-rodinia-3.6.sm_70.ptx 399 : 26448 132240 0 0 0 0 0 0 0 
nw-rodinia-3.6.sm_70.ptx 61 : 26448 158688 0 0 0 0 0 0 0 
nw-rodinia-3.6.sm_70.ptx 58 : 1653 4959 0 1653 1653 0 0 0 0 
nw-rodinia-3.6.sm_70.ptx 395 : 26448 476064 0 0 0 0 0 0 0 
nw-rodinia-3.6.sm_70.ptx 57 : 1653 317513 32 0 0 1653 1653 0 0 
nw-rodinia-3.6.sm_70.ptx 394 : 26448 476064 0 0 0 0 0 0 0 
nw-rodinia-3.6.sm_70.ptx 56 : 1653 14877 0 0 0 0 0 0 0 
nw-rodinia-3.6.sm_70.ptx 393 : 26448 238032 0 0 0 0 0 0 0 
nw-rodinia-3.6.sm_70.ptx 55 : 1653 14877 0 0 0 0 0 0 0 
nw-rodinia-3.6.sm_70.ptx 392 : 26448 819888 0 13224 1653 0 0 0 0 
nw-rodinia-3.6.sm_70.ptx 53 : 26448 123975 0 0 0 0 0 0 1653 
nw-rodinia-3.6.sm_70.ptx 390 : 26448 819888 0 13224 1653 0 0 0 0 
nw-rodinia-3.6.sm_70.ptx 52 : 26448 158688 0 0 0 0 0 0 0 
nw-rodinia-3.6.sm_70.ptx 389 : 26448 238032 0 0 0 0 0 0 0 
nw-rodinia-3.6.sm_70.ptx 208 : 26448 158688 0 0 0 0 0 0 0 
nw-rodinia-3.6.sm_70.ptx 41 : 26448 158688 0 0 0 0 0 0 0 
nw-rodinia-3.6.sm_70.ptx 378 : 24795 446310 0 0 0 0 0 0 0 
nw-rodinia-3.6.sm_70.ptx 207 : 26448 132240 0 0 0 0 0 0 0 
nw-rodinia-3.6.sm_70.ptx 40 : 26448 52896 0 0 0 0 0 0 0 
nw-rodinia-3.6.sm_70.ptx 377 : 24795 223155 0 0 0 0 0 0 0 
nw-rodinia-3.6.sm_70.ptx 39 : 26448 52896 0 0 0 0 0 0 0 
nw-rodinia-3.6.sm_70.ptx 376 : 24795 768645 0 13224 1653 0 0 0 0 
nw-rodinia-3.6.sm_70.ptx 38 : 26448 52896 0 0 0 0 0 0 0 
nw-rodinia-3.6.sm_70.ptx 375 : 24795 223155 0 0 0 0 0 0 0 
nw-rodinia-3.6.sm_70.ptx 73 : 26448 79344 0 1653 1653 0 0 0 0 
nw-rodinia-3.6.sm_70.ptx 410 : 24795 446310 0 0 0 0 0 0 0 
nw-rodinia-3.6.sm_70.ptx 203 : 6612 119016 0 0 0 0 0 0 0 
nw-rodinia-3.6.sm_70.ptx 36 : 26448 52896 0 0 0 0 0 0 0 
nw-rodinia-3.6.sm_70.ptx 373 : 24795 223155 0 0 0 0 0 0 0 
nw-rodinia-3.6.sm_70.ptx 115 : 26448 79344 0 1653 1653 0 0 0 0 
nw-rodinia-3.6.sm_70.ptx 74 : 26448 238032 0 0 0 0 0 0 0 
nw-rodinia-3.6.sm_70.ptx 411 : 24795 247950 0 13224 1653 0 0 0 0 
nw-rodinia-3.6.sm_70.ptx 204 : 6612 26448 0 3306 1653 0 0 0 0 
nw-rodinia-3.6.sm_70.ptx 37 : 26448 52896 0 0 0 0 0 0 0 
nw-rodinia-3.6.sm_70.ptx 374 : 24795 768645 0 13224 1653 0 0 0 0 
nw-rodinia-3.6.sm_70.ptx 116 : 26448 132240 0 0 0 0 0 0 0 
nw-rodinia-3.6.sm_70.ptx 209 : 26448 90915 0 0 0 0 0 0 1653 
nw-rodinia-3.6.sm_70.ptx 42 : 26448 238032 0 0 0 0 0 0 0 
nw-rodinia-3.6.sm_70.ptx 379 : 24795 446310 0 0 0 0 0 0 0 
nw-rodinia-3.6.sm_70.ptx 43 : 26448 132240 0 0 0 0 0 0 0 
nw-rodinia-3.6.sm_70.ptx 380 : 24795 247950 0 13224 1653 0 0 0 0 
nw-rodinia-3.6.sm_70.ptx 211 : 8265 198360 0 1653 1653 0 0 0 0 
nw-rodinia-3.6.sm_70.ptx 44 : 26448 238032 0 0 0 0 0 0 0 
nw-rodinia-3.6.sm_70.ptx 212 : 8265 214890 0 4959 1653 0 0 0 0 
nw-rodinia-3.6.sm_70.ptx 45 : 26448 158688 0 0 0 0 0 0 0 
nw-rodinia-3.6.sm_70.ptx 213 : 8265 74385 0 0 0 0 0 0 0 
nw-rodinia-3.6.sm_70.ptx 46 : 26448 158688 0 0 0 0 0 0 0 
nw-rodinia-3.6.sm_70.ptx 383 : 26448 132240 0 0 0 0 0 0 0 
nw-rodinia-3.6.sm_70.ptx 214 : 8265 214890 0 4959 1653 0 0 0 0 
nw-rodinia-3.6.sm_70.ptx 47 : 26448 264480 0 0 0 0 0 0 0 
nw-rodinia-3.6.sm_70.ptx 384 : 26448 158688 0 0 0 0 0 0 0 
nw-rodinia-3.6.sm_70.ptx 215 : 8265 74385 0 0 0 0 0 0 0 
nw-rodinia-3.6.sm_70.ptx 48 : 26448 132240 0 0 0 0 0 0 0 
nw-rodinia-3.6.sm_70.ptx 385 : 26448 0 0 0 0 0 0 0 0 
nw-rodinia-3.6.sm_70.ptx 216 : 8265 214890 0 4959 1653 0 0 0 0 
nw-rodinia-3.6.sm_70.ptx 49 : 26448 238032 0 0 0 0 0 0 0 
nw-rodinia-3.6.sm_70.ptx 217 : 8265 74385 0 0 0 0 0 0 0 
nw-rodinia-3.6.sm_70.ptx 50 : 26448 238032 0 0 0 0 0 0 0 
nw-rodinia-3.6.sm_70.ptx 387 : 26448 634752 0 1653 1653 0 0 0 0 
nw-rodinia-3.6.sm_70.ptx 51 : 26448 238032 0 0 0 0 0 0 0 
nw-rodinia-3.6.sm_70.ptx 388 : 26448 819888 0 13224 1653 0 0 0 0 
nw-rodinia-3.6.sm_70.ptx 75 : 26448 9137120 107616 0 0 4959 1653 0 0 
nw-rodinia-3.6.sm_70.ptx 76 : 26448 79344 0 1653 1653 0 0 0 0 
nw-rodinia-3.6.sm_70.ptx 77 : 26448 238032 0 0 0 0 0 0 0 
nw-rodinia-3.6.sm_70.ptx 414 : 26448 132240 0 0 0 0 0 0 0 
nw-rodinia-3.6.sm_70.ptx 78 : 26448 9225968 107616 0 0 4959 1653 0 0 
nw-rodinia-3.6.sm_70.ptx 415 : 26448 16530 0 0 0 0 0 0 1653 
nw-rodinia-3.6.sm_70.ptx 79 : 26448 79344 0 1653 1653 0 0 0 0 
nw-rodinia-3.6.sm_70.ptx 80 : 26448 238032 0 0 0 0 0 0 0 
nw-rodinia-3.6.sm_70.ptx 417 : 23142 671118 0 1653 1653 0 0 0 0 
nw-rodinia-3.6.sm_70.ptx 81 : 26448 9210928 107616 0 0 4959 1653 0 0 
nw-rodinia-3.6.sm_70.ptx 418 : 23142 809970 0 11571 1653 0 0 0 0 
nw-rodinia-3.6.sm_70.ptx 82 : 26448 79344 0 1653 1653 0 0 0 0 
nw-rodinia-3.6.sm_70.ptx 419 : 23142 208278 0 0 0 0 0 0 0 
nw-rodinia-3.6.sm_70.ptx 83 : 26448 238032 0 0 0 0 0 0 0 
nw-rodinia-3.6.sm_70.ptx 420 : 23142 694260 0 11571 1653 0 0 0 0 
nw-rodinia-3.6.sm_70.ptx 84 : 26448 9120768 107616 0 0 4959 1653 0 0 
nw-rodinia-3.6.sm_70.ptx 421 : 23142 208278 0 0 0 0 0 0 0 
nw-rodinia-3.6.sm_70.ptx 85 : 26448 79344 0 1653 1653 0 0 0 0 
nw-rodinia-3.6.sm_70.ptx 422 : 23142 694260 0 11571 1653 0 0 0 0 
nw-rodinia-3.6.sm_70.ptx 86 : 26448 238032 0 0 0 0 0 0 0 
nw-rodinia-3.6.sm_70.ptx 423 : 23142 208278 0 0 0 0 0 0 0 
nw-rodinia-3.6.sm_70.ptx 87 : 26448 9086608 105792 0 0 3306 1653 0 0 
nw-rodinia-3.6.sm_70.ptx 424 : 23142 416556 0 0 0 0 0 0 0 
nw-rodinia-3.6.sm_70.ptx 88 : 26448 79344 0 1653 1653 0 0 0 0 
nw-rodinia-3.6.sm_70.ptx 425 : 23142 416556 0 0 0 0 0 0 0 
nw-rodinia-3.6.sm_70.ptx 89 : 26448 238032 0 0 0 0 0 0 0 
nw-rodinia-3.6.sm_70.ptx 426 : 23142 208278 0 11571 1653 0 0 0 0 
nw-rodinia-3.6.sm_70.ptx 90 : 26448 9222368 107616 0 0 4959 1653 0 0 
nw-rodinia-3.6.sm_70.ptx 91 : 26448 79344 0 1653 1653 0 0 0 0 
nw-rodinia-3.6.sm_70.ptx 92 : 26448 238032 0 0 0 0 0 0 0 
nw-rodinia-3.6.sm_70.ptx 93 : 26448 9220816 107616 0 0 4959 1653 0 0 
nw-rodinia-3.6.sm_70.ptx 94 : 26448 79344 0 1653 1653 0 0 0 0 
nw-rodinia-3.6.sm_70.ptx 95 : 26448 238032 0 0 0 0 0 0 0 
nw-rodinia-3.6.sm_70.ptx 96 : 26448 9220016 107616 0 0 4959 1653 0 0 
nw-rodinia-3.6.sm_70.ptx 97 : 26448 79344 0 1653 1653 0 0 0 0 
nw-rodinia-3.6.sm_70.ptx 98 : 26448 238032 0 0 0 0 0 0 0 
nw-rodinia-3.6.sm_70.ptx 99 : 26448 9216976 107616 0 0 4959 1653 0 0 
nw-rodinia-3.6.sm_70.ptx 100 : 26448 79344 0 1653 1653 0 0 0 0 
nw-rodinia-3.6.sm_70.ptx 101 : 26448 238032 0 0 0 0 0 0 0 
nw-rodinia-3.6.sm_70.ptx 102 : 26448 9214752 107616 0 0 4959 1653 0 0 
nw-rodinia-3.6.sm_70.ptx 103 : 26448 79344 0 1653 1653 0 0 0 0 
nw-rodinia-3.6.sm_70.ptx 104 : 26448 238032 0 0 0 0 0 0 0 
nw-rodinia-3.6.sm_70.ptx 105 : 26448 9227312 107616 0 0 4959 1653 0 0 
nw-rodinia-3.6.sm_70.ptx 106 : 26448 79344 0 1653 1653 0 0 0 0 
nw-rodinia-3.6.sm_70.ptx 107 : 26448 238032 0 0 0 0 0 0 0 
nw-rodinia-3.6.sm_70.ptx 108 : 26448 9216128 107616 0 0 4959 1653 0 0 
nw-rodinia-3.6.sm_70.ptx 109 : 26448 79344 0 1653 1653 0 0 0 0 
nw-rodinia-3.6.sm_70.ptx 110 : 26448 238032 0 0 0 0 0 0 0 
nw-rodinia-3.6.sm_70.ptx 111 : 26448 9189472 105792 0 0 3306 1653 0 0 
nw-rodinia-3.6.sm_70.ptx 112 : 26448 79344 0 1653 1653 0 0 0 0 
nw-rodinia-3.6.sm_70.ptx 113 : 26448 238032 0 0 0 0 0 0 0 
nw-rodinia-3.6.sm_70.ptx 114 : 26448 9217600 107616 0 0 4959 1653 0 0 
nw-rodinia-3.6.sm_70.ptx 218 : 8265 148770 0 0 0 0 0 0 0 
nw-rodinia-3.6.sm_70.ptx 219 : 8265 148770 0 0 0 0 0 0 0 
nw-rodinia-3.6.sm_70.ptx 220 : 8265 41325 0 4959 1653 0 0 0 0 
nw-rodinia-3.6.sm_70.ptx 223 : 26448 132240 0 0 0 0 0 0 0 
nw-rodinia-3.6.sm_70.ptx 224 : 26448 158688 0 0 0 0 0 0 0 
nw-rodinia-3.6.sm_70.ptx 225 : 26448 82650 0 0 0 0 0 0 1653 
nw-rodinia-3.6.sm_70.ptx 227 : 9918 238032 0 1653 1653 0 0 0 0 
nw-rodinia-3.6.sm_70.ptx 228 : 9918 257868 0 4959 1653 0 0 0 0 
nw-rodinia-3.6.sm_70.ptx 229 : 9918 89262 0 0 0 0 0 0 0 
nw-rodinia-3.6.sm_70.ptx 230 : 9918 257868 0 4959 1653 0 0 0 0 
nw-rodinia-3.6.sm_70.ptx 231 : 9918 89262 0 0 0 0 0 0 0 
nw-rodinia-3.6.sm_70.ptx 232 : 9918 257868 0 4959 1653 0 0 0 0 
nw-rodinia-3.6.sm_70.ptx 233 : 9918 89262 0 0 0 0 0 0 0 
nw-rodinia-3.6.sm_70.ptx 234 : 9918 178524 0 0 0 0 0 0 0 
nw-rodinia-3.6.sm_70.ptx 235 : 9918 178524 0 0 0 0 0 0 0 
nw-rodinia-3.6.sm_70.ptx 236 : 9918 49590 0 4959 1653 0 0 0 0 
nw-rodinia-3.6.sm_70.ptx 239 : 26448 132240 0 0 0 0 0 0 0 
nw-rodinia-3.6.sm_70.ptx 240 : 26448 158688 0 0 0 0 0 0 0 
nw-rodinia-3.6.sm_70.ptx 241 : 26448 74385 0 0 0 0 0 0 1653 
nw-rodinia-3.6.sm_70.ptx 243 : 11571 277704 0 1653 1653 0 0 0 0 
nw-rodinia-3.6.sm_70.ptx 244 : 11571 312417 0 6612 1653 0 0 0 0 
nw-rodinia-3.6.sm_70.ptx 245 : 11571 104139 0 0 0 0 0 0 0 
nw-rodinia-3.6.sm_70.ptx 246 : 11571 312417 0 6612 1653 0 0 0 0 
nw-rodinia-3.6.sm_70.ptx 247 : 11571 104139 0 0 0 0 0 0 0 
nw-rodinia-3.6.sm_70.ptx 248 : 11571 312417 0 6612 1653 0 0 0 0 
nw-rodinia-3.6.sm_70.ptx 249 : 11571 104139 0 0 0 0 0 0 0 
nw-rodinia-3.6.sm_70.ptx 250 : 11571 208278 0 0 0 0 0 0 0 
nw-rodinia-3.6.sm_70.ptx 251 : 11571 208278 0 0 0 0 0 0 0 
nw-rodinia-3.6.sm_70.ptx 252 : 11571 69426 0 6612 1653 0 0 0 0 
nw-rodinia-3.6.sm_70.ptx 255 : 26448 132240 0 0 0 0 0 0 0 
nw-rodinia-3.6.sm_70.ptx 256 : 26448 158688 0 0 0 0 0 0 0 
nw-rodinia-3.6.sm_70.ptx 257 : 26448 66120 0 0 0 0 0 0 1653 
nw-rodinia-3.6.sm_70.ptx 259 : 13224 317376 0 1653 1653 0 0 0 0 
nw-rodinia-3.6.sm_70.ptx 260 : 13224 357048 0 6612 1653 0 0 0 0 
nw-rodinia-3.6.sm_70.ptx 261 : 13224 119016 0 0 0 0 0 0 0 
nw-rodinia-3.6.sm_70.ptx 262 : 13224 357048 0 6612 1653 0 0 0 0 
nw-rodinia-3.6.sm_70.ptx 263 : 13224 119016 0 0 0 0 0 0 0 
nw-rodinia-3.6.sm_70.ptx 264 : 13224 357048 0 6612 1653 0 0 0 0 
nw-rodinia-3.6.sm_70.ptx 265 : 13224 119016 0 0 0 0 0 0 0 
nw-rodinia-3.6.sm_70.ptx 266 : 13224 238032 0 0 0 0 0 0 0 
nw-rodinia-3.6.sm_70.ptx 267 : 13224 238032 0 0 0 0 0 0 0 
nw-rodinia-3.6.sm_70.ptx 268 : 13224 79344 0 6612 1653 0 0 0 0 
nw-rodinia-3.6.sm_70.ptx 271 : 26448 132240 0 0 0 0 0 0 0 
nw-rodinia-3.6.sm_70.ptx 272 : 26448 158688 0 0 0 0 0 0 0 
nw-rodinia-3.6.sm_70.ptx 273 : 26448 57855 0 0 0 0 0 0 1653 
nw-rodinia-3.6.sm_70.ptx 275 : 14877 357048 0 1653 1653 0 0 0 0 
nw-rodinia-3.6.sm_70.ptx 276 : 14877 416556 0 8265 1653 0 0 0 0 
nw-rodinia-3.6.sm_70.ptx 277 : 14877 133893 0 0 0 0 0 0 0 
nw-rodinia-3.6.sm_70.ptx 278 : 14877 416556 0 8265 1653 0 0 0 0 
nw-rodinia-3.6.sm_70.ptx 279 : 14877 133893 0 0 0 0 0 0 0 
nw-rodinia-3.6.sm_70.ptx 280 : 14877 416556 0 8265 1653 0 0 0 0 
nw-rodinia-3.6.sm_70.ptx 281 : 14877 133893 0 0 0 0 0 0 0 
nw-rodinia-3.6.sm_70.ptx 282 : 14877 267786 0 0 0 0 0 0 0 
nw-rodinia-3.6.sm_70.ptx 283 : 14877 267786 0 0 0 0 0 0 0 
nw-rodinia-3.6.sm_70.ptx 284 : 14877 104139 0 8265 1653 0 0 0 0 
nw-rodinia-3.6.sm_70.ptx 287 : 26448 132240 0 0 0 0 0 0 0 
nw-rodinia-3.6.sm_70.ptx 288 : 26448 158688 0 0 0 0 0 0 0 
nw-rodinia-3.6.sm_70.ptx 289 : 26448 49590 0 0 0 0 0 0 1653 
nw-rodinia-3.6.sm_70.ptx 291 : 16530 396720 0 1653 1653 0 0 0 0 
nw-rodinia-3.6.sm_70.ptx 292 : 16530 462840 0 8265 1653 0 0 0 0 
nw-rodinia-3.6.sm_70.ptx 293 : 16530 148770 0 0 0 0 0 0 0 
nw-rodinia-3.6.sm_70.ptx 294 : 16530 462840 0 8265 1653 0 0 0 0 
nw-rodinia-3.6.sm_70.ptx 295 : 16530 148770 0 0 0 0 0 0 0 
nw-rodinia-3.6.sm_70.ptx 296 : 16530 462840 0 8265 1653 0 0 0 0 
nw-rodinia-3.6.sm_70.ptx 297 : 16530 148770 0 0 0 0 0 0 0 
nw-rodinia-3.6.sm_70.ptx 298 : 16530 297540 0 0 0 0 0 0 0 
nw-rodinia-3.6.sm_70.ptx 299 : 16530 297540 0 0 0 0 0 0 0 
nw-rodinia-3.6.sm_70.ptx 300 : 16530 115710 0 8265 1653 0 0 0 0 
nw-rodinia-3.6.sm_70.ptx 303 : 26448 132240 0 0 0 0 0 0 0 
nw-rodinia-3.6.sm_70.ptx 304 : 26448 158688 0 0 0 0 0 0 0 
nw-rodinia-3.6.sm_70.ptx 305 : 26448 41325 0 0 0 0 0 0 1653 
nw-rodinia-3.6.sm_70.ptx 307 : 18183 436392 0 1653 1653 0 0 0 0 
nw-rodinia-3.6.sm_70.ptx 308 : 18183 527307 0 9918 1653 0 0 0 0 
nw-rodinia-3.6.sm_70.ptx 309 : 18183 163647 0 0 0 0 0 0 0 
nw-rodinia-3.6.sm_70.ptx 310 : 18183 527307 0 9918 1653 0 0 0 0 
nw-rodinia-3.6.sm_70.ptx 311 : 18183 163647 0 0 0 0 0 0 0 
nw-rodinia-3.6.sm_70.ptx 312 : 18183 527307 0 9918 1653 0 0 0 0 
nw-rodinia-3.6.sm_70.ptx 313 : 18183 163647 0 0 0 0 0 0 0 
nw-rodinia-3.6.sm_70.ptx 314 : 18183 327294 0 0 0 0 0 0 0 
nw-rodinia-3.6.sm_70.ptx 315 : 18183 327294 0 0 0 0 0 0 0 
nw-rodinia-3.6.sm_70.ptx 316 : 18183 145464 0 9918 1653 0 0 0 0 
nw-rodinia-3.6.sm_70.ptx 319 : 26448 132240 0 0 0 0 0 0 0 
nw-rodinia-3.6.sm_70.ptx 320 : 26448 158688 0 0 0 0 0 0 0 
nw-rodinia-3.6.sm_70.ptx 321 : 26448 33060 0 0 0 0 0 0 1653 
nw-rodinia-3.6.sm_70.ptx 323 : 19836 476064 0 1653 1653 0 0 0 0 
nw-rodinia-3.6.sm_70.ptx 324 : 19836 575244 0 9918 1653 0 0 0 0 
nw-rodinia-3.6.sm_70.ptx 325 : 19836 178524 0 0 0 0 0 0 0 
nw-rodinia-3.6.sm_70.ptx 326 : 19836 575244 0 9918 1653 0 0 0 0 
nw-rodinia-3.6.sm_70.ptx 327 : 19836 178524 0 0 0 0 0 0 0 
nw-rodinia-3.6.sm_70.ptx 328 : 19836 575244 0 9918 1653 0 0 0 0 
nw-rodinia-3.6.sm_70.ptx 329 : 19836 178524 0 0 0 0 0 0 0 
nw-rodinia-3.6.sm_70.ptx 330 : 19836 357048 0 0 0 0 0 0 0 
nw-rodinia-3.6.sm_70.ptx 331 : 19836 357048 0 0 0 0 0 0 0 
nw-rodinia-3.6.sm_70.ptx 332 : 19836 158688 0 9918 1653 0 0 0 0 
nw-rodinia-3.6.sm_70.ptx 335 : 26448 132240 0 0 0 0 0 0 0 
nw-rodinia-3.6.sm_70.ptx 336 : 26448 158688 0 0 0 0 0 0 0 
nw-rodinia-3.6.sm_70.ptx 337 : 26448 24795 0 0 0 0 0 0 1653 
nw-rodinia-3.6.sm_70.ptx 339 : 21489 515736 0 1653 1653 0 0 0 0 
nw-rodinia-3.6.sm_70.ptx 340 : 21489 644670 0 11571 1653 0 0 0 0 
nw-rodinia-3.6.sm_70.ptx 341 : 21489 193401 0 0 0 0 0 0 0 
nw-rodinia-3.6.sm_70.ptx 342 : 21489 644670 0 11571 1653 0 0 0 0 
nw-rodinia-3.6.sm_70.ptx 343 : 21489 193401 0 0 0 0 0 0 0 
nw-rodinia-3.6.sm_70.ptx 344 : 21489 644670 0 11571 1653 0 0 0 0 
nw-rodinia-3.6.sm_70.ptx 345 : 21489 193401 0 0 0 0 0 0 0 
nw-rodinia-3.6.sm_70.ptx 346 : 21489 386802 0 0 0 0 0 0 0 
nw-rodinia-3.6.sm_70.ptx 347 : 21489 386802 0 0 0 0 0 0 0 
nw-rodinia-3.6.sm_70.ptx 348 : 21489 193401 0 11571 1653 0 0 0 0 
nw-rodinia-3.6.sm_70.ptx 351 : 26448 132240 0 0 0 0 0 0 0 
nw-rodinia-3.6.sm_70.ptx 352 : 26448 158688 0 0 0 0 0 0 0 
nw-rodinia-3.6.sm_70.ptx 353 : 26448 16530 0 0 0 0 0 0 1653 
nw-rodinia-3.6.sm_70.ptx 355 : 23142 555408 0 1653 1653 0 0 0 0 
nw-rodinia-3.6.sm_70.ptx 356 : 23142 694260 0 11571 1653 0 0 0 0 
nw-rodinia-3.6.sm_70.ptx 357 : 23142 208278 0 0 0 0 0 0 0 
nw-rodinia-3.6.sm_70.ptx 358 : 23142 694260 0 11571 1653 0 0 0 0 
nw-rodinia-3.6.sm_70.ptx 359 : 23142 208278 0 0 0 0 0 0 0 
nw-rodinia-3.6.sm_70.ptx 360 : 23142 694260 0 11571 1653 0 0 0 0 
nw-rodinia-3.6.sm_70.ptx 361 : 23142 208278 0 0 0 0 0 0 0 
nw-rodinia-3.6.sm_70.ptx 362 : 23142 416556 0 0 0 0 0 0 0 
nw-rodinia-3.6.sm_70.ptx 363 : 23142 416556 0 0 0 0 0 0 0 
nw-rodinia-3.6.sm_70.ptx 364 : 23142 208278 0 11571 1653 0 0 0 0 
nw-rodinia-3.6.sm_70.ptx 367 : 26448 132240 0 0 0 0 0 0 0 
nw-rodinia-3.6.sm_70.ptx 368 : 26448 158688 0 0 0 0 0 0 0 
nw-rodinia-3.6.sm_70.ptx 369 : 26448 8265 0 0 0 0 0 0 1653 
nw-rodinia-3.6.sm_70.ptx 371 : 24795 595080 0 1653 1653 0 0 0 0 
nw-rodinia-3.6.sm_70.ptx 372 : 24795 768645 0 13224 1653 0 0 0 0 
nw-rodinia-3.6.sm_70.ptx 391 : 26448 238032 0 0 0 0 0 0 0 
nw-rodinia-3.6.sm_70.ptx 396 : 26448 264480 0 13224 1653 0 0 0 0 
