kernel line : count latency dram_traffic smem_bk_conflicts smem_warp gmem_access_generated gmem_warp exposed_latency warp_divergence
nw-rodinia-3.6.sm_70.ptx 1348 : 130048 650240 0 0 0 0 0 0 0 
nw-rodinia-3.6.sm_70.ptx 1347 : 130048 390144 0 0 0 24384 8128 0 0 
nw-rodinia-3.6.sm_70.ptx 1346 : 130048 1170432 0 0 0 0 0 0 0 
nw-rodinia-3.6.sm_70.ptx 1345 : 130048 390144 0 0 0 16256 8128 0 0 
nw-rodinia-3.6.sm_70.ptx 1344 : 130048 1170432 0 0 0 0 0 0 0 
nw-rodinia-3.6.sm_70.ptx 1343 : 130048 390144 0 0 0 24384 8128 0 0 
nw-rodinia-3.6.sm_70.ptx 1342 : 130048 1170432 0 0 0 0 0 0 0 
nw-rodinia-3.6.sm_70.ptx 1341 : 130048 390144 0 0 0 24384 8128 0 0 
nw-rodinia-3.6.sm_70.ptx 1340 : 130048 1170432 0 0 0 0 0 0 0 
nw-rodinia-3.6.sm_70.ptx 1339 : 130048 390144 0 0 0 24384 8128 0 0 
nw-rodinia-3.6.sm_70.ptx 1338 : 130048 1170432 0 0 0 0 0 0 0 
nw-rodinia-3.6.sm_70.ptx 1337 : 130048 390144 0 0 0 24384 8128 0 0 
nw-rodinia-3.6.sm_70.ptx 1336 : 130048 1170432 0 0 0 0 0 0 0 
nw-rodinia-3.6.sm_70.ptx 1335 : 130048 390144 0 0 0 24384 8128 0 0 
nw-rodinia-3.6.sm_70.ptx 1334 : 130048 1170432 0 0 0 0 0 0 0 
nw-rodinia-3.6.sm_70.ptx 1333 : 130048 390144 0 0 0 24384 8128 0 0 
nw-rodinia-3.6.sm_70.ptx 1332 : 130048 1170432 0 0 0 0 0 0 0 
nw-rodinia-3.6.sm_70.ptx 1331 : 130048 390144 0 0 0 24384 8128 0 0 
nw-rodinia-3.6.sm_70.ptx 1330 : 130048 1170432 0 0 0 0 0 0 0 
nw-rodinia-3.6.sm_70.ptx 1329 : 130048 390144 0 0 0 16256 8128 0 0 
nw-rodinia-3.6.sm_70.ptx 1328 : 130048 1170432 0 0 0 0 0 0 0 
nw-rodinia-3.6.sm_70.ptx 1327 : 130048 390144 0 0 0 24384 8128 0 0 
nw-rodinia-3.6.sm_70.ptx 1326 : 130048 1170432 0 0 0 0 0 0 0 
nw-rodinia-3.6.sm_70.ptx 1325 : 130048 390144 0 0 0 24384 8128 0 0 
nw-rodinia-3.6.sm_70.ptx 1324 : 130048 1170432 0 0 0 0 0 0 0 
nw-rodinia-3.6.sm_70.ptx 1323 : 130048 390144 0 0 0 24384 8128 0 0 
nw-rodinia-3.6.sm_70.ptx 1322 : 130048 1170432 0 0 0 0 0 0 0 
nw-rodinia-3.6.sm_70.ptx 1321 : 130048 390144 0 0 0 24384 8128 0 0 
nw-rodinia-3.6.sm_70.ptx 1320 : 130048 1170432 0 0 0 0 0 0 0 
nw-rodinia-3.6.sm_70.ptx 1319 : 130048 390144 0 0 0 24384 8128 0 0 
nw-rodinia-3.6.sm_70.ptx 1318 : 130048 1170432 0 0 0 0 0 0 0 
nw-rodinia-3.6.sm_70.ptx 1317 : 130048 390144 0 0 0 24384 8128 0 0 
nw-rodinia-3.6.sm_70.ptx 1316 : 130048 3121152 0 8128 8128 0 0 0 0 
nw-rodinia-3.6.sm_70.ptx 1315 : 130048 3121152 0 8128 8128 0 0 0 0 
nw-rodinia-3.6.sm_70.ptx 1314 : 130048 3121152 0 8128 8128 0 0 0 0 
nw-rodinia-3.6.sm_70.ptx 1313 : 130048 3121152 0 8128 8128 0 0 0 0 
nw-rodinia-3.6.sm_70.ptx 1312 : 130048 3121152 0 8128 8128 0 0 0 0 
nw-rodinia-3.6.sm_70.ptx 1311 : 130048 3121152 0 8128 8128 0 0 0 0 
nw-rodinia-3.6.sm_70.ptx 1310 : 130048 3121152 0 8128 8128 0 0 0 0 
nw-rodinia-3.6.sm_70.ptx 1309 : 130048 3121152 0 8128 8128 0 0 0 0 
nw-rodinia-3.6.sm_70.ptx 1308 : 130048 3121152 0 8128 8128 0 0 0 0 
nw-rodinia-3.6.sm_70.ptx 1307 : 130048 3121152 0 8128 8128 0 0 0 0 
nw-rodinia-3.6.sm_70.ptx 1306 : 130048 3121152 0 8128 8128 0 0 0 0 
nw-rodinia-3.6.sm_70.ptx 1305 : 130048 3121152 0 8128 8128 0 0 0 0 
nw-rodinia-3.6.sm_70.ptx 1304 : 130048 3121152 0 8128 8128 0 0 0 0 
nw-rodinia-3.6.sm_70.ptx 1303 : 130048 3121152 0 8128 8128 0 0 0 0 
nw-rodinia-3.6.sm_70.ptx 1302 : 130048 3121152 0 8128 8128 0 0 0 0 
nw-rodinia-3.6.sm_70.ptx 1301 : 130048 1170432 0 0 0 0 0 0 0 
nw-rodinia-3.6.sm_70.ptx 1300 : 130048 3121152 0 8128 8128 0 0 0 0 
nw-rodinia-3.6.sm_70.ptx 1299 : 130048 1170432 0 0 0 0 0 0 0 
nw-rodinia-3.6.sm_70.ptx 1298 : 130048 1170432 0 0 0 0 0 0 0 
nw-rodinia-3.6.sm_70.ptx 1297 : 130048 1170432 0 0 0 0 0 0 0 
nw-rodinia-3.6.sm_70.ptx 1296 : 130048 1170432 0 0 0 0 0 0 0 
nw-rodinia-3.6.sm_70.ptx 1295 : 130048 780288 0 0 0 0 0 0 0 
nw-rodinia-3.6.sm_70.ptx 1294 : 130048 780288 0 0 0 0 0 0 0 
nw-rodinia-3.6.sm_70.ptx 1293 : 130048 260096 0 0 0 0 0 0 0 
nw-rodinia-3.6.sm_70.ptx 1292 : 130048 650240 0 0 0 0 0 0 0 
nw-rodinia-3.6.sm_70.ptx 1289 : 8128 24384 0 8128 8128 0 0 0 0 
nw-rodinia-3.6.sm_70.ptx 1288 : 8128 146304 0 0 0 0 0 0 0 
nw-rodinia-3.6.sm_70.ptx 1287 : 8128 146304 0 0 0 0 0 0 0 
nw-rodinia-3.6.sm_70.ptx 1286 : 8128 73152 0 0 0 0 0 0 0 
nw-rodinia-3.6.sm_70.ptx 1285 : 8128 195072 0 8128 8128 0 0 0 0 
nw-rodinia-3.6.sm_70.ptx 1284 : 8128 73152 0 0 0 0 0 0 0 
nw-rodinia-3.6.sm_70.ptx 1283 : 8128 195072 0 8128 8128 0 0 0 0 
nw-rodinia-3.6.sm_70.ptx 1282 : 8128 73152 0 0 0 0 0 0 0 
nw-rodinia-3.6.sm_70.ptx 1281 : 8128 195072 0 8128 8128 0 0 0 0 
nw-rodinia-3.6.sm_70.ptx 1280 : 8128 195072 0 8128 8128 0 0 0 0 
nw-rodinia-3.6.sm_70.ptx 1278 : 130048 609600 0 0 0 0 0 0 8128 
nw-rodinia-3.6.sm_70.ptx 1277 : 130048 650240 0 0 0 0 0 0 0 
nw-rodinia-3.6.sm_70.ptx 1274 : 16256 48768 0 8128 8128 0 0 0 0 
nw-rodinia-3.6.sm_70.ptx 1273 : 16256 292608 0 0 0 0 0 0 0 
nw-rodinia-3.6.sm_70.ptx 1272 : 16256 292608 0 0 0 0 0 0 0 
nw-rodinia-3.6.sm_70.ptx 1271 : 16256 146304 0 0 0 0 0 0 0 
nw-rodinia-3.6.sm_70.ptx 1270 : 16256 390144 0 8128 8128 0 0 0 0 
nw-rodinia-3.6.sm_70.ptx 1269 : 16256 146304 0 0 0 0 0 0 0 
nw-rodinia-3.6.sm_70.ptx 1268 : 16256 390144 0 8128 8128 0 0 0 0 
nw-rodinia-3.6.sm_70.ptx 1267 : 16256 146304 0 0 0 0 0 0 0 
nw-rodinia-3.6.sm_70.ptx 1266 : 16256 390144 0 8128 8128 0 0 0 0 
nw-rodinia-3.6.sm_70.ptx 1265 : 16256 390144 0 8128 8128 0 0 0 0 
nw-rodinia-3.6.sm_70.ptx 1263 : 130048 568960 0 0 0 0 0 0 8128 
nw-rodinia-3.6.sm_70.ptx 1262 : 130048 650240 0 0 0 0 0 0 0 
nw-rodinia-3.6.sm_70.ptx 1259 : 24384 97536 0 16256 8128 0 0 0 0 
nw-rodinia-3.6.sm_70.ptx 1258 : 24384 438912 0 0 0 0 0 0 0 
nw-rodinia-3.6.sm_70.ptx 1257 : 24384 438912 0 0 0 0 0 0 0 
nw-rodinia-3.6.sm_70.ptx 1256 : 24384 219456 0 0 0 0 0 0 0 
nw-rodinia-3.6.sm_70.ptx 1255 : 24384 609600 0 16256 8128 0 0 0 0 
nw-rodinia-3.6.sm_70.ptx 1254 : 24384 219456 0 0 0 0 0 0 0 
nw-rodinia-3.6.sm_70.ptx 1253 : 24384 609600 0 16256 8128 0 0 0 0 
nw-rodinia-3.6.sm_70.ptx 1252 : 24384 219456 0 0 0 0 0 0 0 
nw-rodinia-3.6.sm_70.ptx 1251 : 24384 609600 0 16256 8128 0 0 0 0 
nw-rodinia-3.6.sm_70.ptx 1250 : 24384 585216 0 8128 8128 0 0 0 0 
nw-rodinia-3.6.sm_70.ptx 1248 : 130048 528320 0 0 0 0 0 0 8128 
nw-rodinia-3.6.sm_70.ptx 1247 : 130048 650240 0 0 0 0 0 0 0 
nw-rodinia-3.6.sm_70.ptx 1244 : 32512 130048 0 16256 8128 0 0 0 0 
nw-rodinia-3.6.sm_70.ptx 1243 : 32512 585216 0 0 0 0 0 0 0 
nw-rodinia-3.6.sm_70.ptx 1242 : 32512 585216 0 0 0 0 0 0 0 
nw-rodinia-3.6.sm_70.ptx 1241 : 32512 292608 0 0 0 0 0 0 0 
nw-rodinia-3.6.sm_70.ptx 1240 : 32512 812800 0 16256 8128 0 0 0 0 
nw-rodinia-3.6.sm_70.ptx 1239 : 32512 292608 0 0 0 0 0 0 0 
nw-rodinia-3.6.sm_70.ptx 1238 : 32512 812800 0 16256 8128 0 0 0 0 
nw-rodinia-3.6.sm_70.ptx 1237 : 32512 292608 0 0 0 0 0 0 0 
nw-rodinia-3.6.sm_70.ptx 1236 : 32512 812800 0 16256 8128 0 0 0 0 
nw-rodinia-3.6.sm_70.ptx 1235 : 32512 780288 0 8128 8128 0 0 0 0 
nw-rodinia-3.6.sm_70.ptx 1233 : 130048 487680 0 0 0 0 0 0 8128 
nw-rodinia-3.6.sm_70.ptx 1232 : 130048 650240 0 0 0 0 0 0 0 
nw-rodinia-3.6.sm_70.ptx 1229 : 40640 203200 0 24384 8128 0 0 0 0 
nw-rodinia-3.6.sm_70.ptx 1228 : 40640 731520 0 0 0 0 0 0 0 
nw-rodinia-3.6.sm_70.ptx 1227 : 40640 731520 0 0 0 0 0 0 0 
nw-rodinia-3.6.sm_70.ptx 1226 : 40640 365760 0 0 0 0 0 0 0 
nw-rodinia-3.6.sm_70.ptx 1225 : 40640 1056640 0 24384 8128 0 0 0 0 
nw-rodinia-3.6.sm_70.ptx 1224 : 40640 365760 0 0 0 0 0 0 0 
nw-rodinia-3.6.sm_70.ptx 1223 : 40640 1056640 0 24384 8128 0 0 0 0 
nw-rodinia-3.6.sm_70.ptx 1222 : 40640 365760 0 0 0 0 0 0 0 
nw-rodinia-3.6.sm_70.ptx 1221 : 40640 1056640 0 24384 8128 0 0 0 0 
nw-rodinia-3.6.sm_70.ptx 1220 : 40640 975360 0 8128 8128 0 0 0 0 
nw-rodinia-3.6.sm_70.ptx 1218 : 130048 447040 0 0 0 0 0 0 8128 
nw-rodinia-3.6.sm_70.ptx 1217 : 130048 650240 0 0 0 0 0 0 0 
nw-rodinia-3.6.sm_70.ptx 1214 : 48768 243840 0 24384 8128 0 0 0 0 
nw-rodinia-3.6.sm_70.ptx 1213 : 48768 877824 0 0 0 0 0 0 0 
nw-rodinia-3.6.sm_70.ptx 1212 : 48768 877824 0 0 0 0 0 0 0 
nw-rodinia-3.6.sm_70.ptx 1211 : 48768 438912 0 0 0 0 0 0 0 
nw-rodinia-3.6.sm_70.ptx 1210 : 48768 1267968 0 24384 8128 0 0 0 0 
nw-rodinia-3.6.sm_70.ptx 1209 : 48768 438912 0 0 0 0 0 0 0 
nw-rodinia-3.6.sm_70.ptx 1208 : 48768 1267968 0 24384 8128 0 0 0 0 
nw-rodinia-3.6.sm_70.ptx 1207 : 48768 438912 0 0 0 0 0 0 0 
nw-rodinia-3.6.sm_70.ptx 1206 : 48768 1316736 0 24384 8128 0 0 0 0 
nw-rodinia-3.6.sm_70.ptx 1205 : 48768 1219200 0 8128 8128 0 0 0 0 
nw-rodinia-3.6.sm_70.ptx 1203 : 130048 406400 0 0 0 0 0 0 8128 
nw-rodinia-3.6.sm_70.ptx 1202 : 130048 650240 0 0 0 0 0 0 0 
nw-rodinia-3.6.sm_70.ptx 1199 : 56896 341376 0 32512 8128 0 0 0 0 
nw-rodinia-3.6.sm_70.ptx 1198 : 56896 1024128 0 0 0 0 0 0 0 
nw-rodinia-3.6.sm_70.ptx 1197 : 56896 1024128 0 0 0 0 0 0 0 
nw-rodinia-3.6.sm_70.ptx 1196 : 56896 512064 0 0 0 0 0 0 0 
nw-rodinia-3.6.sm_70.ptx 1195 : 56896 1536192 0 32512 8128 0 0 0 0 
nw-rodinia-3.6.sm_70.ptx 1194 : 56896 512064 0 0 0 0 0 0 0 
nw-rodinia-3.6.sm_70.ptx 1193 : 56896 1536192 0 32512 8128 0 0 0 0 
nw-rodinia-3.6.sm_70.ptx 1192 : 56896 512064 0 0 0 0 0 0 0 
nw-rodinia-3.6.sm_70.ptx 1191 : 56896 1593088 0 32512 8128 0 0 0 0 
nw-rodinia-3.6.sm_70.ptx 1190 : 56896 1422400 0 8128 8128 0 0 0 0 
nw-rodinia-3.6.sm_70.ptx 1188 : 130048 365760 0 0 0 0 0 0 8128 
nw-rodinia-3.6.sm_70.ptx 1187 : 130048 650240 0 0 0 0 0 0 0 
nw-rodinia-3.6.sm_70.ptx 1184 : 65024 390144 0 32512 8128 0 0 0 0 
nw-rodinia-3.6.sm_70.ptx 1183 : 65024 1170432 0 0 0 0 0 0 0 
nw-rodinia-3.6.sm_70.ptx 1182 : 65024 1170432 0 0 0 0 0 0 0 
nw-rodinia-3.6.sm_70.ptx 1181 : 65024 585216 0 0 0 0 0 0 0 
nw-rodinia-3.6.sm_70.ptx 1180 : 65024 1755648 0 32512 8128 0 0 0 0 
nw-rodinia-3.6.sm_70.ptx 1179 : 65024 585216 0 0 0 0 0 0 0 
nw-rodinia-3.6.sm_70.ptx 1178 : 65024 1755648 0 32512 8128 0 0 0 0 
nw-rodinia-3.6.sm_70.ptx 1177 : 65024 585216 0 0 0 0 0 0 0 
nw-rodinia-3.6.sm_70.ptx 1176 : 65024 1885696 0 32512 8128 0 0 0 0 
nw-rodinia-3.6.sm_70.ptx 1175 : 65024 1690624 0 8128 8128 0 0 0 0 
nw-rodinia-3.6.sm_70.ptx 1173 : 130048 325120 0 0 0 0 0 0 8128 
nw-rodinia-3.6.sm_70.ptx 1172 : 130048 650240 0 0 0 0 0 0 0 
nw-rodinia-3.6.sm_70.ptx 1169 : 73152 512064 0 40640 8128 0 0 0 0 
nw-rodinia-3.6.sm_70.ptx 1168 : 73152 1316736 0 0 0 0 0 0 0 
nw-rodinia-3.6.sm_70.ptx 1167 : 73152 1316736 0 0 0 0 0 0 0 
nw-rodinia-3.6.sm_70.ptx 1166 : 73152 658368 0 0 0 0 0 0 0 
nw-rodinia-3.6.sm_70.ptx 1165 : 73152 2048256 0 40640 8128 0 0 0 0 
nw-rodinia-3.6.sm_70.ptx 1164 : 73152 658368 0 0 0 0 0 0 0 
nw-rodinia-3.6.sm_70.ptx 1163 : 73152 2048256 0 40640 8128 0 0 0 0 
nw-rodinia-3.6.sm_70.ptx 1162 : 73152 658368 0 0 0 0 0 0 0 
nw-rodinia-3.6.sm_70.ptx 1161 : 73152 2194560 0 40640 8128 0 0 0 0 
nw-rodinia-3.6.sm_70.ptx 1160 : 73152 1901952 0 8128 8128 0 0 0 0 
nw-rodinia-3.6.sm_70.ptx 1158 : 130048 284480 0 0 0 0 0 0 8128 
nw-rodinia-3.6.sm_70.ptx 1157 : 130048 650240 0 0 0 0 0 0 0 
nw-rodinia-3.6.sm_70.ptx 1154 : 81280 568960 0 40640 8128 0 0 0 0 
nw-rodinia-3.6.sm_70.ptx 1153 : 81280 1463040 0 0 0 0 0 0 0 
nw-rodinia-3.6.sm_70.ptx 1152 : 81280 1463040 0 0 0 0 0 0 0 
nw-rodinia-3.6.sm_70.ptx 1151 : 81280 731520 0 0 0 0 0 0 0 
nw-rodinia-3.6.sm_70.ptx 1150 : 81280 2275840 0 40640 8128 0 0 0 0 
nw-rodinia-3.6.sm_70.ptx 1149 : 81280 731520 0 0 0 0 0 0 0 
nw-rodinia-3.6.sm_70.ptx 1148 : 81280 2275840 0 40640 8128 0 0 0 0 
nw-rodinia-3.6.sm_70.ptx 1147 : 81280 731520 0 0 0 0 0 0 0 
nw-rodinia-3.6.sm_70.ptx 1146 : 81280 2519680 0 40640 8128 0 0 0 0 
nw-rodinia-3.6.sm_70.ptx 1145 : 81280 2194560 0 8128 8128 0 0 0 0 
nw-rodinia-3.6.sm_70.ptx 1143 : 130048 243840 0 0 0 0 0 0 8128 
nw-rodinia-3.6.sm_70.ptx 1142 : 130048 650240 0 0 0 0 0 0 0 
nw-rodinia-3.6.sm_70.ptx 1139 : 89408 715264 0 48768 8128 0 0 0 0 
nw-rodinia-3.6.sm_70.ptx 1138 : 89408 1609344 0 0 0 0 0 0 0 
nw-rodinia-3.6.sm_70.ptx 1137 : 89408 1609344 0 0 0 0 0 0 0 
nw-rodinia-3.6.sm_70.ptx 1136 : 89408 804672 0 0 0 0 0 0 0 
nw-rodinia-3.6.sm_70.ptx 1135 : 89408 2592832 0 48768 8128 0 0 0 0 
nw-rodinia-3.6.sm_70.ptx 1134 : 89408 804672 0 0 0 0 0 0 0 
nw-rodinia-3.6.sm_70.ptx 1133 : 89408 2592832 0 48768 8128 0 0 0 0 
nw-rodinia-3.6.sm_70.ptx 1132 : 89408 804672 0 0 0 0 0 0 0 
nw-rodinia-3.6.sm_70.ptx 1131 : 89408 2861056 0 48768 8128 0 0 0 0 
nw-rodinia-3.6.sm_70.ptx 1130 : 89408 2414016 0 8128 8128 0 0 0 0 
nw-rodinia-3.6.sm_70.ptx 1128 : 130048 203200 0 0 0 0 0 0 8128 
nw-rodinia-3.6.sm_70.ptx 1127 : 130048 650240 0 0 0 0 0 0 0 
nw-rodinia-3.6.sm_70.ptx 1124 : 97536 780288 0 48768 8128 0 0 0 0 
nw-rodinia-3.6.sm_70.ptx 1123 : 97536 1755648 0 0 0 0 0 0 0 
nw-rodinia-3.6.sm_70.ptx 1122 : 97536 1755648 0 0 0 0 0 0 0 
nw-rodinia-3.6.sm_70.ptx 1121 : 97536 877824 0 0 0 0 0 0 0 
nw-rodinia-3.6.sm_70.ptx 1120 : 97536 2828544 0 48768 8128 0 0 0 0 
nw-rodinia-3.6.sm_70.ptx 1119 : 97536 877824 0 0 0 0 0 0 0 
nw-rodinia-3.6.sm_70.ptx 1118 : 97536 2828544 0 48768 8128 0 0 0 0 
nw-rodinia-3.6.sm_70.ptx 1117 : 97536 877824 0 0 0 0 0 0 0 
nw-rodinia-3.6.sm_70.ptx 1116 : 97536 3218688 0 48768 8128 0 0 0 0 
nw-rodinia-3.6.sm_70.ptx 1115 : 97536 2731008 0 8128 8128 0 0 0 0 
nw-rodinia-3.6.sm_70.ptx 1113 : 130048 162560 0 0 0 0 0 0 8128 
nw-rodinia-3.6.sm_70.ptx 1112 : 130048 650240 0 0 0 0 0 0 0 
nw-rodinia-3.6.sm_70.ptx 1109 : 105664 950976 0 56896 8128 0 0 0 0 
nw-rodinia-3.6.sm_70.ptx 1108 : 105664 1901952 0 0 0 0 0 0 0 
nw-rodinia-3.6.sm_70.ptx 1107 : 105664 1901952 0 0 0 0 0 0 0 
nw-rodinia-3.6.sm_70.ptx 1106 : 105664 950976 0 0 0 0 0 0 0 
nw-rodinia-3.6.sm_70.ptx 1105 : 105664 3169920 0 56896 8128 0 0 0 0 
nw-rodinia-3.6.sm_70.ptx 1104 : 105664 950976 0 0 0 0 0 0 0 
nw-rodinia-3.6.sm_70.ptx 1103 : 105664 3169920 0 56896 8128 0 0 0 0 
nw-rodinia-3.6.sm_70.ptx 1102 : 105664 950976 0 0 0 0 0 0 0 
nw-rodinia-3.6.sm_70.ptx 1101 : 105664 3592576 0 56896 8128 0 0 0 0 
nw-rodinia-3.6.sm_70.ptx 1100 : 105664 2958592 0 8128 8128 0 0 0 0 
nw-rodinia-3.6.sm_70.ptx 1098 : 130048 121920 0 0 0 0 0 0 8128 
nw-rodinia-3.6.sm_70.ptx 1097 : 130048 650240 0 0 0 0 0 0 0 
nw-rodinia-3.6.sm_70.ptx 1094 : 113792 1024128 0 56896 8128 0 0 0 0 
nw-rodinia-3.6.sm_70.ptx 1093 : 113792 2048256 0 0 0 0 0 0 0 
nw-rodinia-3.6.sm_70.ptx 1092 : 113792 2048256 0 0 0 0 0 0 0 
nw-rodinia-3.6.sm_70.ptx 1091 : 113792 1024128 0 0 0 0 0 0 0 
nw-rodinia-3.6.sm_70.ptx 1090 : 113792 3413760 0 56896 8128 0 0 0 0 
nw-rodinia-3.6.sm_70.ptx 1089 : 113792 1024128 0 0 0 0 0 0 0 
nw-rodinia-3.6.sm_70.ptx 1088 : 113792 3413760 0 56896 8128 0 0 0 0 
nw-rodinia-3.6.sm_70.ptx 1087 : 113792 1024128 0 0 0 0 0 0 0 
nw-rodinia-3.6.sm_70.ptx 1086 : 113792 3982720 0 56896 8128 0 0 0 0 
nw-rodinia-3.6.sm_70.ptx 1085 : 113792 3299968 0 8128 8128 0 0 0 0 
nw-rodinia-3.6.sm_70.ptx 1083 : 130048 81280 0 0 0 0 0 0 8128 
nw-rodinia-3.6.sm_70.ptx 1082 : 130048 650240 0 0 0 0 0 0 0 
nw-rodinia-3.6.sm_70.ptx 1079 : 121920 1219200 0 65024 8128 0 0 0 0 
nw-rodinia-3.6.sm_70.ptx 1078 : 121920 2194560 0 0 0 0 0 0 0 
nw-rodinia-3.6.sm_70.ptx 1077 : 121920 2194560 0 0 0 0 0 0 0 
nw-rodinia-3.6.sm_70.ptx 1076 : 121920 1097280 0 0 0 0 0 0 0 
nw-rodinia-3.6.sm_70.ptx 1075 : 121920 3779520 0 65024 8128 0 0 0 0 
nw-rodinia-3.6.sm_70.ptx 1074 : 121920 1097280 0 0 0 0 0 0 0 
nw-rodinia-3.6.sm_70.ptx 1073 : 121920 3779520 0 65024 8128 0 0 0 0 
nw-rodinia-3.6.sm_70.ptx 1072 : 121920 1097280 0 0 0 0 0 0 0 
nw-rodinia-3.6.sm_70.ptx 1071 : 121920 4389120 0 65024 8128 0 0 0 0 
nw-rodinia-3.6.sm_70.ptx 1070 : 121920 3535680 0 8128 8128 0 0 0 0 
nw-rodinia-3.6.sm_70.ptx 1068 : 130048 40640 0 0 0 0 0 0 8128 
nw-rodinia-3.6.sm_70.ptx 1067 : 130048 650240 0 0 0 0 0 0 0 
nw-rodinia-3.6.sm_70.ptx 1064 : 130048 1300480 0 65024 8128 0 0 0 0 
nw-rodinia-3.6.sm_70.ptx 1063 : 130048 2340864 0 0 0 0 0 0 0 
nw-rodinia-3.6.sm_70.ptx 1062 : 130048 2340864 0 0 0 0 0 0 0 
nw-rodinia-3.6.sm_70.ptx 1061 : 130048 1170432 0 0 0 0 0 0 0 
nw-rodinia-3.6.sm_70.ptx 1060 : 130048 4031488 0 65024 8128 0 0 0 0 
nw-rodinia-3.6.sm_70.ptx 1059 : 130048 1170432 0 0 0 0 0 0 0 
nw-rodinia-3.6.sm_70.ptx 1058 : 130048 4031488 0 65024 8128 0 0 0 0 
nw-rodinia-3.6.sm_70.ptx 1057 : 130048 1170432 0 0 0 0 0 0 0 
nw-rodinia-3.6.sm_70.ptx 1056 : 130048 4031488 0 65024 8128 0 0 0 0 
nw-rodinia-3.6.sm_70.ptx 1055 : 130048 3121152 0 8128 8128 0 0 0 0 
nw-rodinia-3.6.sm_70.ptx 1053 : 130048 0 0 0 0 0 0 0 0 
nw-rodinia-3.6.sm_70.ptx 1052 : 130048 780288 0 0 0 0 0 0 0 
nw-rodinia-3.6.sm_70.ptx 1051 : 130048 650240 0 0 0 0 0 0 0 
nw-rodinia-3.6.sm_70.ptx 1048 : 121920 1219200 0 65024 8128 0 0 0 0 
nw-rodinia-3.6.sm_70.ptx 1047 : 121920 2194560 0 0 0 0 0 0 0 
nw-rodinia-3.6.sm_70.ptx 1046 : 121920 2194560 0 0 0 0 0 0 0 
nw-rodinia-3.6.sm_70.ptx 1045 : 121920 1097280 0 0 0 0 0 0 0 
nw-rodinia-3.6.sm_70.ptx 1044 : 121920 3779520 0 65024 8128 0 0 0 0 
nw-rodinia-3.6.sm_70.ptx 1043 : 121920 1097280 0 0 0 0 0 0 0 
nw-rodinia-3.6.sm_70.ptx 1042 : 121920 3779520 0 65024 8128 0 0 0 0 
nw-rodinia-3.6.sm_70.ptx 1041 : 121920 1097280 0 0 0 0 0 0 0 
nw-rodinia-3.6.sm_70.ptx 1040 : 121920 3779520 0 65024 8128 0 0 0 0 
nw-rodinia-3.6.sm_70.ptx 1039 : 121920 2926080 0 8128 8128 0 0 0 0 
nw-rodinia-3.6.sm_70.ptx 1037 : 130048 40640 0 0 0 0 0 0 8128 
nw-rodinia-3.6.sm_70.ptx 1036 : 130048 780288 0 0 0 0 0 0 0 
nw-rodinia-3.6.sm_70.ptx 1035 : 130048 650240 0 0 0 0 0 0 0 
nw-rodinia-3.6.sm_70.ptx 1032 : 113792 1024128 0 56896 8128 0 0 0 0 
nw-rodinia-3.6.sm_70.ptx 1031 : 113792 2048256 0 0 0 0 0 0 0 
nw-rodinia-3.6.sm_70.ptx 1030 : 113792 2048256 0 0 0 0 0 0 0 
nw-rodinia-3.6.sm_70.ptx 1029 : 113792 1024128 0 0 0 0 0 0 0 
nw-rodinia-3.6.sm_70.ptx 1028 : 113792 3413760 0 56896 8128 0 0 0 0 
nw-rodinia-3.6.sm_70.ptx 1027 : 113792 1024128 0 0 0 0 0 0 0 
nw-rodinia-3.6.sm_70.ptx 1026 : 113792 3413760 0 56896 8128 0 0 0 0 
nw-rodinia-3.6.sm_70.ptx 1025 : 113792 1024128 0 0 0 0 0 0 0 
nw-rodinia-3.6.sm_70.ptx 1024 : 113792 3413760 0 56896 8128 0 0 0 0 
nw-rodinia-3.6.sm_70.ptx 1023 : 113792 2731008 0 8128 8128 0 0 0 0 
nw-rodinia-3.6.sm_70.ptx 1021 : 130048 81280 0 0 0 0 0 0 8128 
nw-rodinia-3.6.sm_70.ptx 1020 : 130048 780288 0 0 0 0 0 0 0 
nw-rodinia-3.6.sm_70.ptx 1019 : 130048 650240 0 0 0 0 0 0 0 
nw-rodinia-3.6.sm_70.ptx 1016 : 105664 950976 0 56896 8128 0 0 0 0 
nw-rodinia-3.6.sm_70.ptx 1015 : 105664 1901952 0 0 0 0 0 0 0 
nw-rodinia-3.6.sm_70.ptx 1014 : 105664 1901952 0 0 0 0 0 0 0 
nw-rodinia-3.6.sm_70.ptx 1013 : 105664 950976 0 0 0 0 0 0 0 
nw-rodinia-3.6.sm_70.ptx 1012 : 105664 3169920 0 56896 8128 0 0 0 0 
nw-rodinia-3.6.sm_70.ptx 1011 : 105664 950976 0 0 0 0 0 0 0 
nw-rodinia-3.6.sm_70.ptx 1010 : 105664 3169920 0 56896 8128 0 0 0 0 
nw-rodinia-3.6.sm_70.ptx 1009 : 105664 950976 0 0 0 0 0 0 0 
nw-rodinia-3.6.sm_70.ptx 1008 : 105664 3169920 0 56896 8128 0 0 0 0 
nw-rodinia-3.6.sm_70.ptx 1007 : 105664 2535936 0 8128 8128 0 0 0 0 
nw-rodinia-3.6.sm_70.ptx 1005 : 130048 121920 0 0 0 0 0 0 8128 
nw-rodinia-3.6.sm_70.ptx 1004 : 130048 780288 0 0 0 0 0 0 0 
nw-rodinia-3.6.sm_70.ptx 1003 : 130048 650240 0 0 0 0 0 0 0 
nw-rodinia-3.6.sm_70.ptx 1000 : 97536 780288 0 48768 8128 0 0 0 0 
nw-rodinia-3.6.sm_70.ptx 999 : 97536 1755648 0 0 0 0 0 0 0 
nw-rodinia-3.6.sm_70.ptx 998 : 97536 1755648 0 0 0 0 0 0 0 
nw-rodinia-3.6.sm_70.ptx 997 : 97536 877824 0 0 0 0 0 0 0 
nw-rodinia-3.6.sm_70.ptx 996 : 97536 2828544 0 48768 8128 0 0 0 0 
nw-rodinia-3.6.sm_70.ptx 995 : 97536 877824 0 0 0 0 0 0 0 
nw-rodinia-3.6.sm_70.ptx 994 : 97536 2828544 0 48768 8128 0 0 0 0 
nw-rodinia-3.6.sm_70.ptx 993 : 97536 877824 0 0 0 0 0 0 0 
nw-rodinia-3.6.sm_70.ptx 992 : 97536 2828544 0 48768 8128 0 0 0 0 
nw-rodinia-3.6.sm_70.ptx 991 : 97536 2340864 0 8128 8128 0 0 0 0 
nw-rodinia-3.6.sm_70.ptx 989 : 130048 162560 0 0 0 0 0 0 8128 
nw-rodinia-3.6.sm_70.ptx 988 : 130048 780288 0 0 0 0 0 0 0 
nw-rodinia-3.6.sm_70.ptx 987 : 130048 650240 0 0 0 0 0 0 0 
nw-rodinia-3.6.sm_70.ptx 984 : 89408 715264 0 48768 8128 0 0 0 0 
nw-rodinia-3.6.sm_70.ptx 983 : 89408 1609344 0 0 0 0 0 0 0 
nw-rodinia-3.6.sm_70.ptx 982 : 89408 1609344 0 0 0 0 0 0 0 
nw-rodinia-3.6.sm_70.ptx 981 : 89408 804672 0 0 0 0 0 0 0 
nw-rodinia-3.6.sm_70.ptx 980 : 89408 2592832 0 48768 8128 0 0 0 0 
nw-rodinia-3.6.sm_70.ptx 979 : 89408 804672 0 0 0 0 0 0 0 
nw-rodinia-3.6.sm_70.ptx 978 : 89408 2592832 0 48768 8128 0 0 0 0 
nw-rodinia-3.6.sm_70.ptx 977 : 89408 804672 0 0 0 0 0 0 0 
nw-rodinia-3.6.sm_70.ptx 976 : 89408 2592832 0 48768 8128 0 0 0 0 
nw-rodinia-3.6.sm_70.ptx 975 : 89408 2145792 0 8128 8128 0 0 0 0 
nw-rodinia-3.6.sm_70.ptx 973 : 130048 203200 0 0 0 0 0 0 8128 
nw-rodinia-3.6.sm_70.ptx 972 : 130048 780288 0 0 0 0 0 0 0 
nw-rodinia-3.6.sm_70.ptx 971 : 130048 650240 0 0 0 0 0 0 0 
nw-rodinia-3.6.sm_70.ptx 968 : 81280 568960 0 40640 8128 0 0 0 0 
nw-rodinia-3.6.sm_70.ptx 967 : 81280 1463040 0 0 0 0 0 0 0 
nw-rodinia-3.6.sm_70.ptx 966 : 81280 1463040 0 0 0 0 0 0 0 
nw-rodinia-3.6.sm_70.ptx 965 : 81280 731520 0 0 0 0 0 0 0 
nw-rodinia-3.6.sm_70.ptx 964 : 81280 2275840 0 40640 8128 0 0 0 0 
nw-rodinia-3.6.sm_70.ptx 963 : 81280 731520 0 0 0 0 0 0 0 
nw-rodinia-3.6.sm_70.ptx 962 : 81280 2275840 0 40640 8128 0 0 0 0 
nw-rodinia-3.6.sm_70.ptx 961 : 81280 731520 0 0 0 0 0 0 0 
nw-rodinia-3.6.sm_70.ptx 960 : 81280 2275840 0 40640 8128 0 0 0 0 
nw-rodinia-3.6.sm_70.ptx 959 : 81280 1950720 0 8128 8128 0 0 0 0 
nw-rodinia-3.6.sm_70.ptx 957 : 130048 243840 0 0 0 0 0 0 8128 
nw-rodinia-3.6.sm_70.ptx 956 : 130048 780288 0 0 0 0 0 0 0 
nw-rodinia-3.6.sm_70.ptx 955 : 130048 650240 0 0 0 0 0 0 0 
nw-rodinia-3.6.sm_70.ptx 952 : 73152 512064 0 40640 8128 0 0 0 0 
nw-rodinia-3.6.sm_70.ptx 951 : 73152 1316736 0 0 0 0 0 0 0 
nw-rodinia-3.6.sm_70.ptx 950 : 73152 1316736 0 0 0 0 0 0 0 
nw-rodinia-3.6.sm_70.ptx 949 : 73152 658368 0 0 0 0 0 0 0 
nw-rodinia-3.6.sm_70.ptx 948 : 73152 2048256 0 40640 8128 0 0 0 0 
nw-rodinia-3.6.sm_70.ptx 947 : 73152 658368 0 0 0 0 0 0 0 
nw-rodinia-3.6.sm_70.ptx 946 : 73152 2048256 0 40640 8128 0 0 0 0 
nw-rodinia-3.6.sm_70.ptx 945 : 73152 658368 0 0 0 0 0 0 0 
nw-rodinia-3.6.sm_70.ptx 944 : 73152 2048256 0 40640 8128 0 0 0 0 
nw-rodinia-3.6.sm_70.ptx 943 : 73152 1755648 0 8128 8128 0 0 0 0 
nw-rodinia-3.6.sm_70.ptx 941 : 130048 284480 0 0 0 0 0 0 8128 
nw-rodinia-3.6.sm_70.ptx 940 : 130048 780288 0 0 0 0 0 0 0 
nw-rodinia-3.6.sm_70.ptx 939 : 130048 650240 0 0 0 0 0 0 0 
nw-rodinia-3.6.sm_70.ptx 936 : 65024 390144 0 32512 8128 0 0 0 0 
nw-rodinia-3.6.sm_70.ptx 935 : 65024 1170432 0 0 0 0 0 0 0 
nw-rodinia-3.6.sm_70.ptx 934 : 65024 1170432 0 0 0 0 0 0 0 
nw-rodinia-3.6.sm_70.ptx 933 : 65024 585216 0 0 0 0 0 0 0 
nw-rodinia-3.6.sm_70.ptx 932 : 65024 1755648 0 32512 8128 0 0 0 0 
nw-rodinia-3.6.sm_70.ptx 931 : 65024 585216 0 0 0 0 0 0 0 
nw-rodinia-3.6.sm_70.ptx 930 : 65024 1755648 0 32512 8128 0 0 0 0 
nw-rodinia-3.6.sm_70.ptx 929 : 65024 585216 0 0 0 0 0 0 0 
nw-rodinia-3.6.sm_70.ptx 928 : 65024 1755648 0 32512 8128 0 0 0 0 
nw-rodinia-3.6.sm_70.ptx 927 : 65024 1560576 0 8128 8128 0 0 0 0 
nw-rodinia-3.6.sm_70.ptx 925 : 130048 325120 0 0 0 0 0 0 8128 
nw-rodinia-3.6.sm_70.ptx 924 : 130048 780288 0 0 0 0 0 0 0 
nw-rodinia-3.6.sm_70.ptx 923 : 130048 650240 0 0 0 0 0 0 0 
nw-rodinia-3.6.sm_70.ptx 920 : 56896 341376 0 32512 8128 0 0 0 0 
nw-rodinia-3.6.sm_70.ptx 919 : 56896 1024128 0 0 0 0 0 0 0 
nw-rodinia-3.6.sm_70.ptx 918 : 56896 1024128 0 0 0 0 0 0 0 
nw-rodinia-3.6.sm_70.ptx 917 : 56896 512064 0 0 0 0 0 0 0 
nw-rodinia-3.6.sm_70.ptx 916 : 56896 1536192 0 32512 8128 0 0 0 0 
nw-rodinia-3.6.sm_70.ptx 915 : 56896 512064 0 0 0 0 0 0 0 
nw-rodinia-3.6.sm_70.ptx 914 : 56896 1536192 0 32512 8128 0 0 0 0 
nw-rodinia-3.6.sm_70.ptx 913 : 56896 512064 0 0 0 0 0 0 0 
nw-rodinia-3.6.sm_70.ptx 912 : 56896 1536192 0 32512 8128 0 0 0 0 
nw-rodinia-3.6.sm_70.ptx 911 : 56896 1365504 0 8128 8128 0 0 0 0 
nw-rodinia-3.6.sm_70.ptx 909 : 130048 365760 0 0 0 0 0 0 8128 
nw-rodinia-3.6.sm_70.ptx 908 : 130048 780288 0 0 0 0 0 0 0 
nw-rodinia-3.6.sm_70.ptx 907 : 130048 650240 0 0 0 0 0 0 0 
nw-rodinia-3.6.sm_70.ptx 904 : 48768 243840 0 24384 8128 0 0 0 0 
nw-rodinia-3.6.sm_70.ptx 903 : 48768 877824 0 0 0 0 0 0 0 
nw-rodinia-3.6.sm_70.ptx 902 : 48768 877824 0 0 0 0 0 0 0 
nw-rodinia-3.6.sm_70.ptx 901 : 48768 438912 0 0 0 0 0 0 0 
nw-rodinia-3.6.sm_70.ptx 900 : 48768 1267968 0 24384 8128 0 0 0 0 
nw-rodinia-3.6.sm_70.ptx 899 : 48768 438912 0 0 0 0 0 0 0 
nw-rodinia-3.6.sm_70.ptx 898 : 48768 1267968 0 24384 8128 0 0 0 0 
nw-rodinia-3.6.sm_70.ptx 897 : 48768 438912 0 0 0 0 0 0 0 
nw-rodinia-3.6.sm_70.ptx 896 : 48768 1267968 0 24384 8128 0 0 0 0 
nw-rodinia-3.6.sm_70.ptx 895 : 48768 1170432 0 8128 8128 0 0 0 0 
nw-rodinia-3.6.sm_70.ptx 893 : 130048 406400 0 0 0 0 0 0 8128 
nw-rodinia-3.6.sm_70.ptx 892 : 130048 780288 0 0 0 0 0 0 0 
nw-rodinia-3.6.sm_70.ptx 891 : 130048 650240 0 0 0 0 0 0 0 
nw-rodinia-3.6.sm_70.ptx 888 : 40640 203200 0 24384 8128 0 0 0 0 
nw-rodinia-3.6.sm_70.ptx 887 : 40640 731520 0 0 0 0 0 0 0 
nw-rodinia-3.6.sm_70.ptx 886 : 40640 731520 0 0 0 0 0 0 0 
nw-rodinia-3.6.sm_70.ptx 885 : 40640 365760 0 0 0 0 0 0 0 
nw-rodinia-3.6.sm_70.ptx 884 : 40640 1056640 0 24384 8128 0 0 0 0 
nw-rodinia-3.6.sm_70.ptx 883 : 40640 365760 0 0 0 0 0 0 0 
nw-rodinia-3.6.sm_70.ptx 882 : 40640 1056640 0 24384 8128 0 0 0 0 
nw-rodinia-3.6.sm_70.ptx 881 : 40640 365760 0 0 0 0 0 0 0 
nw-rodinia-3.6.sm_70.ptx 880 : 40640 1056640 0 24384 8128 0 0 0 0 
nw-rodinia-3.6.sm_70.ptx 879 : 40640 975360 0 8128 8128 0 0 0 0 
nw-rodinia-3.6.sm_70.ptx 877 : 130048 447040 0 0 0 0 0 0 8128 
nw-rodinia-3.6.sm_70.ptx 876 : 130048 780288 0 0 0 0 0 0 0 
nw-rodinia-3.6.sm_70.ptx 875 : 130048 650240 0 0 0 0 0 0 0 
nw-rodinia-3.6.sm_70.ptx 396 : 132096 1320960 0 66048 8256 0 0 0 0 
nw-rodinia-3.6.sm_70.ptx 391 : 132096 1188864 0 0 0 0 0 0 0 
nw-rodinia-3.6.sm_70.ptx 372 : 123840 3839040 0 66048 8256 0 0 0 0 
nw-rodinia-3.6.sm_70.ptx 371 : 123840 2972160 0 8256 8256 0 0 0 0 
nw-rodinia-3.6.sm_70.ptx 369 : 132096 41280 0 0 0 0 0 0 8256 
nw-rodinia-3.6.sm_70.ptx 368 : 132096 792576 0 0 0 0 0 0 0 
nw-rodinia-3.6.sm_70.ptx 367 : 132096 660480 0 0 0 0 0 0 0 
nw-rodinia-3.6.sm_70.ptx 364 : 115584 1040256 0 57792 8256 0 0 0 0 
nw-rodinia-3.6.sm_70.ptx 363 : 115584 2080512 0 0 0 0 0 0 0 
nw-rodinia-3.6.sm_70.ptx 362 : 115584 2080512 0 0 0 0 0 0 0 
nw-rodinia-3.6.sm_70.ptx 361 : 115584 1040256 0 0 0 0 0 0 0 
nw-rodinia-3.6.sm_70.ptx 360 : 115584 3467520 0 57792 8256 0 0 0 0 
nw-rodinia-3.6.sm_70.ptx 359 : 115584 1040256 0 0 0 0 0 0 0 
nw-rodinia-3.6.sm_70.ptx 358 : 115584 3467520 0 57792 8256 0 0 0 0 
nw-rodinia-3.6.sm_70.ptx 357 : 115584 1040256 0 0 0 0 0 0 0 
nw-rodinia-3.6.sm_70.ptx 356 : 115584 3467520 0 57792 8256 0 0 0 0 
nw-rodinia-3.6.sm_70.ptx 355 : 115584 2774016 0 8256 8256 0 0 0 0 
nw-rodinia-3.6.sm_70.ptx 353 : 132096 82560 0 0 0 0 0 0 8256 
nw-rodinia-3.6.sm_70.ptx 352 : 132096 792576 0 0 0 0 0 0 0 
nw-rodinia-3.6.sm_70.ptx 351 : 132096 660480 0 0 0 0 0 0 0 
nw-rodinia-3.6.sm_70.ptx 348 : 107328 965952 0 57792 8256 0 0 0 0 
nw-rodinia-3.6.sm_70.ptx 347 : 107328 1931904 0 0 0 0 0 0 0 
nw-rodinia-3.6.sm_70.ptx 346 : 107328 1931904 0 0 0 0 0 0 0 
nw-rodinia-3.6.sm_70.ptx 345 : 107328 965952 0 0 0 0 0 0 0 
nw-rodinia-3.6.sm_70.ptx 344 : 107328 3219840 0 57792 8256 0 0 0 0 
nw-rodinia-3.6.sm_70.ptx 343 : 107328 965952 0 0 0 0 0 0 0 
nw-rodinia-3.6.sm_70.ptx 342 : 107328 3219840 0 57792 8256 0 0 0 0 
nw-rodinia-3.6.sm_70.ptx 341 : 107328 965952 0 0 0 0 0 0 0 
nw-rodinia-3.6.sm_70.ptx 340 : 107328 3219840 0 57792 8256 0 0 0 0 
nw-rodinia-3.6.sm_70.ptx 339 : 107328 2575872 0 8256 8256 0 0 0 0 
nw-rodinia-3.6.sm_70.ptx 337 : 132096 123840 0 0 0 0 0 0 8256 
nw-rodinia-3.6.sm_70.ptx 336 : 132096 792576 0 0 0 0 0 0 0 
nw-rodinia-3.6.sm_70.ptx 335 : 132096 660480 0 0 0 0 0 0 0 
nw-rodinia-3.6.sm_70.ptx 332 : 99072 792576 0 49536 8256 0 0 0 0 
nw-rodinia-3.6.sm_70.ptx 331 : 99072 1783296 0 0 0 0 0 0 0 
nw-rodinia-3.6.sm_70.ptx 330 : 99072 1783296 0 0 0 0 0 0 0 
nw-rodinia-3.6.sm_70.ptx 329 : 99072 891648 0 0 0 0 0 0 0 
nw-rodinia-3.6.sm_70.ptx 328 : 99072 2873088 0 49536 8256 0 0 0 0 
nw-rodinia-3.6.sm_70.ptx 327 : 99072 891648 0 0 0 0 0 0 0 
nw-rodinia-3.6.sm_70.ptx 326 : 99072 2873088 0 49536 8256 0 0 0 0 
nw-rodinia-3.6.sm_70.ptx 325 : 99072 891648 0 0 0 0 0 0 0 
nw-rodinia-3.6.sm_70.ptx 324 : 99072 2873088 0 49536 8256 0 0 0 0 
nw-rodinia-3.6.sm_70.ptx 323 : 99072 2377728 0 8256 8256 0 0 0 0 
nw-rodinia-3.6.sm_70.ptx 321 : 132096 165120 0 0 0 0 0 0 8256 
nw-rodinia-3.6.sm_70.ptx 320 : 132096 792576 0 0 0 0 0 0 0 
nw-rodinia-3.6.sm_70.ptx 319 : 132096 660480 0 0 0 0 0 0 0 
nw-rodinia-3.6.sm_70.ptx 316 : 90816 726528 0 49536 8256 0 0 0 0 
nw-rodinia-3.6.sm_70.ptx 315 : 90816 1634688 0 0 0 0 0 0 0 
nw-rodinia-3.6.sm_70.ptx 314 : 90816 1634688 0 0 0 0 0 0 0 
nw-rodinia-3.6.sm_70.ptx 313 : 90816 817344 0 0 0 0 0 0 0 
nw-rodinia-3.6.sm_70.ptx 312 : 90816 2633664 0 49536 8256 0 0 0 0 
nw-rodinia-3.6.sm_70.ptx 311 : 90816 817344 0 0 0 0 0 0 0 
nw-rodinia-3.6.sm_70.ptx 310 : 90816 2633664 0 49536 8256 0 0 0 0 
nw-rodinia-3.6.sm_70.ptx 309 : 90816 817344 0 0 0 0 0 0 0 
nw-rodinia-3.6.sm_70.ptx 308 : 90816 2633664 0 49536 8256 0 0 0 0 
nw-rodinia-3.6.sm_70.ptx 307 : 90816 2179584 0 8256 8256 0 0 0 0 
nw-rodinia-3.6.sm_70.ptx 305 : 132096 206400 0 0 0 0 0 0 8256 
nw-rodinia-3.6.sm_70.ptx 304 : 132096 792576 0 0 0 0 0 0 0 
nw-rodinia-3.6.sm_70.ptx 303 : 132096 660480 0 0 0 0 0 0 0 
nw-rodinia-3.6.sm_70.ptx 300 : 82560 577920 0 41280 8256 0 0 0 0 
nw-rodinia-3.6.sm_70.ptx 299 : 82560 1486080 0 0 0 0 0 0 0 
nw-rodinia-3.6.sm_70.ptx 298 : 82560 1486080 0 0 0 0 0 0 0 
nw-rodinia-3.6.sm_70.ptx 297 : 82560 743040 0 0 0 0 0 0 0 
nw-rodinia-3.6.sm_70.ptx 296 : 82560 2311680 0 41280 8256 0 0 0 0 
nw-rodinia-3.6.sm_70.ptx 295 : 82560 743040 0 0 0 0 0 0 0 
nw-rodinia-3.6.sm_70.ptx 294 : 82560 2311680 0 41280 8256 0 0 0 0 
nw-rodinia-3.6.sm_70.ptx 293 : 82560 743040 0 0 0 0 0 0 0 
nw-rodinia-3.6.sm_70.ptx 292 : 82560 2311680 0 41280 8256 0 0 0 0 
nw-rodinia-3.6.sm_70.ptx 291 : 82560 1981440 0 8256 8256 0 0 0 0 
nw-rodinia-3.6.sm_70.ptx 289 : 132096 247680 0 0 0 0 0 0 8256 
nw-rodinia-3.6.sm_70.ptx 288 : 132096 792576 0 0 0 0 0 0 0 
nw-rodinia-3.6.sm_70.ptx 287 : 132096 660480 0 0 0 0 0 0 0 
nw-rodinia-3.6.sm_70.ptx 284 : 74304 520128 0 41280 8256 0 0 0 0 
nw-rodinia-3.6.sm_70.ptx 283 : 74304 1337472 0 0 0 0 0 0 0 
nw-rodinia-3.6.sm_70.ptx 282 : 74304 1337472 0 0 0 0 0 0 0 
nw-rodinia-3.6.sm_70.ptx 281 : 74304 668736 0 0 0 0 0 0 0 
nw-rodinia-3.6.sm_70.ptx 280 : 74304 2080512 0 41280 8256 0 0 0 0 
nw-rodinia-3.6.sm_70.ptx 279 : 74304 668736 0 0 0 0 0 0 0 
nw-rodinia-3.6.sm_70.ptx 278 : 74304 2080512 0 41280 8256 0 0 0 0 
nw-rodinia-3.6.sm_70.ptx 277 : 74304 668736 0 0 0 0 0 0 0 
nw-rodinia-3.6.sm_70.ptx 276 : 74304 2080512 0 41280 8256 0 0 0 0 
nw-rodinia-3.6.sm_70.ptx 275 : 74304 1783296 0 8256 8256 0 0 0 0 
nw-rodinia-3.6.sm_70.ptx 273 : 132096 288960 0 0 0 0 0 0 8256 
nw-rodinia-3.6.sm_70.ptx 272 : 132096 792576 0 0 0 0 0 0 0 
nw-rodinia-3.6.sm_70.ptx 271 : 132096 660480 0 0 0 0 0 0 0 
nw-rodinia-3.6.sm_70.ptx 268 : 66048 396288 0 33024 8256 0 0 0 0 
nw-rodinia-3.6.sm_70.ptx 267 : 66048 1188864 0 0 0 0 0 0 0 
nw-rodinia-3.6.sm_70.ptx 266 : 66048 1188864 0 0 0 0 0 0 0 
nw-rodinia-3.6.sm_70.ptx 265 : 66048 594432 0 0 0 0 0 0 0 
nw-rodinia-3.6.sm_70.ptx 264 : 66048 1783296 0 33024 8256 0 0 0 0 
nw-rodinia-3.6.sm_70.ptx 263 : 66048 594432 0 0 0 0 0 0 0 
nw-rodinia-3.6.sm_70.ptx 262 : 66048 1783296 0 33024 8256 0 0 0 0 
nw-rodinia-3.6.sm_70.ptx 261 : 66048 594432 0 0 0 0 0 0 0 
nw-rodinia-3.6.sm_70.ptx 260 : 66048 1783296 0 33024 8256 0 0 0 0 
nw-rodinia-3.6.sm_70.ptx 259 : 66048 1585152 0 8256 8256 0 0 0 0 
nw-rodinia-3.6.sm_70.ptx 257 : 132096 330240 0 0 0 0 0 0 8256 
nw-rodinia-3.6.sm_70.ptx 256 : 132096 792576 0 0 0 0 0 0 0 
nw-rodinia-3.6.sm_70.ptx 255 : 132096 660480 0 0 0 0 0 0 0 
nw-rodinia-3.6.sm_70.ptx 252 : 57792 346752 0 33024 8256 0 0 0 0 
nw-rodinia-3.6.sm_70.ptx 251 : 57792 1040256 0 0 0 0 0 0 0 
nw-rodinia-3.6.sm_70.ptx 250 : 57792 1040256 0 0 0 0 0 0 0 
nw-rodinia-3.6.sm_70.ptx 249 : 57792 520128 0 0 0 0 0 0 0 
nw-rodinia-3.6.sm_70.ptx 248 : 57792 1560384 0 33024 8256 0 0 0 0 
nw-rodinia-3.6.sm_70.ptx 247 : 57792 520128 0 0 0 0 0 0 0 
nw-rodinia-3.6.sm_70.ptx 246 : 57792 1560384 0 33024 8256 0 0 0 0 
nw-rodinia-3.6.sm_70.ptx 245 : 57792 520128 0 0 0 0 0 0 0 
nw-rodinia-3.6.sm_70.ptx 244 : 57792 1560384 0 33024 8256 0 0 0 0 
nw-rodinia-3.6.sm_70.ptx 243 : 57792 1387008 0 8256 8256 0 0 0 0 
nw-rodinia-3.6.sm_70.ptx 241 : 132096 371520 0 0 0 0 0 0 8256 
nw-rodinia-3.6.sm_70.ptx 240 : 132096 792576 0 0 0 0 0 0 0 
nw-rodinia-3.6.sm_70.ptx 239 : 132096 660480 0 0 0 0 0 0 0 
nw-rodinia-3.6.sm_70.ptx 236 : 49536 247680 0 24768 8256 0 0 0 0 
nw-rodinia-3.6.sm_70.ptx 235 : 49536 891648 0 0 0 0 0 0 0 
nw-rodinia-3.6.sm_70.ptx 234 : 49536 891648 0 0 0 0 0 0 0 
nw-rodinia-3.6.sm_70.ptx 233 : 49536 445824 0 0 0 0 0 0 0 
nw-rodinia-3.6.sm_70.ptx 232 : 49536 1287936 0 24768 8256 0 0 0 0 
nw-rodinia-3.6.sm_70.ptx 231 : 49536 445824 0 0 0 0 0 0 0 
nw-rodinia-3.6.sm_70.ptx 230 : 49536 1287936 0 24768 8256 0 0 0 0 
nw-rodinia-3.6.sm_70.ptx 229 : 49536 445824 0 0 0 0 0 0 0 
nw-rodinia-3.6.sm_70.ptx 228 : 49536 1287936 0 24768 8256 0 0 0 0 
nw-rodinia-3.6.sm_70.ptx 227 : 49536 1188864 0 8256 8256 0 0 0 0 
nw-rodinia-3.6.sm_70.ptx 225 : 132096 412800 0 0 0 0 0 0 8256 
nw-rodinia-3.6.sm_70.ptx 224 : 132096 792576 0 0 0 0 0 0 0 
nw-rodinia-3.6.sm_70.ptx 223 : 132096 660480 0 0 0 0 0 0 0 
nw-rodinia-3.6.sm_70.ptx 220 : 41280 206400 0 24768 8256 0 0 0 0 
nw-rodinia-3.6.sm_70.ptx 219 : 41280 743040 0 0 0 0 0 0 0 
nw-rodinia-3.6.sm_70.ptx 218 : 41280 743040 0 0 0 0 0 0 0 
nw-rodinia-3.6.sm_70.ptx 114 : 132096 46427360 532480 0 0 24768 8256 0 0 
nw-rodinia-3.6.sm_70.ptx 823 : 8128 146304 0 0 0 0 0 0 0 
nw-rodinia-3.6.sm_70.ptx 113 : 132096 1188864 0 0 0 0 0 0 0 
nw-rodinia-3.6.sm_70.ptx 822 : 8128 146304 0 0 0 0 0 0 0 
nw-rodinia-3.6.sm_70.ptx 112 : 132096 396288 0 8256 8256 0 0 0 0 
nw-rodinia-3.6.sm_70.ptx 821 : 8128 73152 0 0 0 0 0 0 0 
nw-rodinia-3.6.sm_70.ptx 111 : 132096 46080128 528384 0 0 16512 8256 0 0 
nw-rodinia-3.6.sm_70.ptx 820 : 8128 195072 0 8128 8128 0 0 0 0 
nw-rodinia-3.6.sm_70.ptx 110 : 132096 1188864 0 0 0 0 0 0 0 
nw-rodinia-3.6.sm_70.ptx 819 : 8128 73152 0 0 0 0 0 0 0 
nw-rodinia-3.6.sm_70.ptx 109 : 132096 396288 0 8256 8256 0 0 0 0 
nw-rodinia-3.6.sm_70.ptx 818 : 8128 195072 0 8128 8128 0 0 0 0 
nw-rodinia-3.6.sm_70.ptx 108 : 132096 46204608 532480 0 0 24768 8256 0 0 
nw-rodinia-3.6.sm_70.ptx 817 : 8128 73152 0 0 0 0 0 0 0 
nw-rodinia-3.6.sm_70.ptx 107 : 132096 1188864 0 0 0 0 0 0 0 
nw-rodinia-3.6.sm_70.ptx 816 : 8128 195072 0 8128 8128 0 0 0 0 
nw-rodinia-3.6.sm_70.ptx 106 : 132096 396288 0 8256 8256 0 0 0 0 
nw-rodinia-3.6.sm_70.ptx 815 : 8128 195072 0 8128 8128 0 0 0 0 
nw-rodinia-3.6.sm_70.ptx 105 : 132096 46260976 532480 0 0 24768 8256 0 0 
nw-rodinia-3.6.sm_70.ptx 104 : 132096 1188864 0 0 0 0 0 0 0 
nw-rodinia-3.6.sm_70.ptx 813 : 130048 609600 0 0 0 0 0 0 8128 
nw-rodinia-3.6.sm_70.ptx 103 : 132096 396288 0 8256 8256 0 0 0 0 
nw-rodinia-3.6.sm_70.ptx 812 : 130048 780288 0 0 0 0 0 0 0 
nw-rodinia-3.6.sm_70.ptx 102 : 132096 46237680 532480 0 0 24768 8256 0 0 
nw-rodinia-3.6.sm_70.ptx 811 : 130048 1170432 0 0 0 0 0 0 0 
nw-rodinia-3.6.sm_70.ptx 101 : 132096 1188864 0 0 0 0 0 0 0 
nw-rodinia-3.6.sm_70.ptx 810 : 130048 1170432 0 0 0 0 0 0 0 
nw-rodinia-3.6.sm_70.ptx 100 : 132096 396288 0 8256 8256 0 0 0 0 
nw-rodinia-3.6.sm_70.ptx 809 : 130048 780288 0 0 0 0 0 0 0 
nw-rodinia-3.6.sm_70.ptx 99 : 132096 46197856 532480 0 0 24768 8256 0 0 
nw-rodinia-3.6.sm_70.ptx 808 : 130048 1170432 0 0 0 0 0 0 0 
nw-rodinia-3.6.sm_70.ptx 98 : 132096 1188864 0 0 0 0 0 0 0 
nw-rodinia-3.6.sm_70.ptx 807 : 130048 1300480 0 0 0 0 0 0 0 
nw-rodinia-3.6.sm_70.ptx 97 : 132096 396288 0 8256 8256 0 0 0 0 
nw-rodinia-3.6.sm_70.ptx 806 : 130048 780288 0 0 0 0 0 0 0 
nw-rodinia-3.6.sm_70.ptx 96 : 132096 46224512 532480 0 0 24768 8256 0 0 
nw-rodinia-3.6.sm_70.ptx 805 : 130048 780288 0 0 0 0 0 0 0 
nw-rodinia-3.6.sm_70.ptx 95 : 132096 1188864 0 0 0 0 0 0 0 
nw-rodinia-3.6.sm_70.ptx 804 : 130048 650240 0 0 0 0 0 0 0 
nw-rodinia-3.6.sm_70.ptx 94 : 132096 396288 0 8256 8256 0 0 0 0 
nw-rodinia-3.6.sm_70.ptx 803 : 130048 650240 0 0 0 0 0 0 0 
nw-rodinia-3.6.sm_70.ptx 93 : 132096 46241296 532480 0 0 24768 8256 0 0 
nw-rodinia-3.6.sm_70.ptx 802 : 130048 390144 0 8128 8128 0 0 0 0 
nw-rodinia-3.6.sm_70.ptx 92 : 132096 1188864 0 0 0 0 0 0 0 
nw-rodinia-3.6.sm_70.ptx 801 : 130048 1170432 0 0 0 0 0 0 0 
nw-rodinia-3.6.sm_70.ptx 91 : 132096 396288 0 8256 8256 0 0 0 0 
nw-rodinia-3.6.sm_70.ptx 800 : 130048 25444416 4320 0 0 24384 8128 0 0 
nw-rodinia-3.6.sm_70.ptx 90 : 132096 46245984 532480 0 0 24768 8256 0 0 
nw-rodinia-3.6.sm_70.ptx 799 : 130048 1170432 0 0 0 0 0 0 0 
nw-rodinia-3.6.sm_70.ptx 426 : 115584 1040256 0 57792 8256 0 0 0 0 
nw-rodinia-3.6.sm_70.ptx 89 : 132096 1188864 0 0 0 0 0 0 0 
nw-rodinia-3.6.sm_70.ptx 798 : 130048 1170432 0 0 0 0 0 0 0 
nw-rodinia-3.6.sm_70.ptx 425 : 115584 2080512 0 0 0 0 0 0 0 
nw-rodinia-3.6.sm_70.ptx 88 : 132096 396288 0 8256 8256 0 0 0 0 
nw-rodinia-3.6.sm_70.ptx 797 : 130048 780288 0 0 0 0 0 0 0 
nw-rodinia-3.6.sm_70.ptx 424 : 115584 2080512 0 0 0 0 0 0 0 
nw-rodinia-3.6.sm_70.ptx 87 : 132096 45705536 528384 0 0 16512 8256 0 0 
nw-rodinia-3.6.sm_70.ptx 796 : 130048 650240 0 0 0 0 0 0 0 
nw-rodinia-3.6.sm_70.ptx 423 : 115584 1040256 0 0 0 0 0 0 0 
nw-rodinia-3.6.sm_70.ptx 86 : 132096 1188864 0 0 0 0 0 0 0 
nw-rodinia-3.6.sm_70.ptx 795 : 130048 390144 0 8128 8128 0 0 0 0 
nw-rodinia-3.6.sm_70.ptx 422 : 115584 3467520 0 57792 8256 0 0 0 0 
nw-rodinia-3.6.sm_70.ptx 85 : 132096 396288 0 8256 8256 0 0 0 0 
nw-rodinia-3.6.sm_70.ptx 794 : 130048 1300480 0 0 0 0 0 0 0 
nw-rodinia-3.6.sm_70.ptx 421 : 115584 1040256 0 0 0 0 0 0 0 
nw-rodinia-3.6.sm_70.ptx 84 : 132096 45894480 532480 0 0 24768 8256 0 0 
nw-rodinia-3.6.sm_70.ptx 793 : 130048 650240 0 0 0 0 0 0 0 
nw-rodinia-3.6.sm_70.ptx 420 : 115584 3467520 0 57792 8256 0 0 0 0 
nw-rodinia-3.6.sm_70.ptx 83 : 132096 1188864 0 0 0 0 0 0 0 
nw-rodinia-3.6.sm_70.ptx 792 : 130048 60051120 3641088 0 0 130048 8128 0 0 
nw-rodinia-3.6.sm_70.ptx 419 : 115584 1040256 0 0 0 0 0 0 0 
nw-rodinia-3.6.sm_70.ptx 82 : 132096 396288 0 8256 8256 0 0 0 0 
nw-rodinia-3.6.sm_70.ptx 791 : 130048 1170432 0 0 0 0 0 0 0 
nw-rodinia-3.6.sm_70.ptx 418 : 115584 4045440 0 57792 8256 0 0 0 0 
nw-rodinia-3.6.sm_70.ptx 81 : 132096 46307360 532480 0 0 24768 8256 0 0 
nw-rodinia-3.6.sm_70.ptx 790 : 130048 1170432 0 0 0 0 0 0 0 
nw-rodinia-3.6.sm_70.ptx 417 : 115584 3351936 0 8256 8256 0 0 0 0 
nw-rodinia-3.6.sm_70.ptx 80 : 132096 1188864 0 0 0 0 0 0 0 
nw-rodinia-3.6.sm_70.ptx 789 : 130048 1170432 0 0 0 0 0 0 0 
nw-rodinia-3.6.sm_70.ptx 79 : 132096 396288 0 8256 8256 0 0 0 0 
nw-rodinia-3.6.sm_70.ptx 788 : 130048 1430528 0 0 0 0 0 0 0 
nw-rodinia-3.6.sm_70.ptx 415 : 132096 82560 0 0 0 0 0 0 8256 
nw-rodinia-3.6.sm_70.ptx 78 : 132096 46334352 532480 0 0 24768 8256 0 0 
nw-rodinia-3.6.sm_70.ptx 787 : 130048 1170432 0 0 0 0 0 0 0 
nw-rodinia-3.6.sm_70.ptx 414 : 132096 660480 0 0 0 0 0 0 0 
nw-rodinia-3.6.sm_70.ptx 77 : 132096 1188864 0 0 0 0 0 0 0 
nw-rodinia-3.6.sm_70.ptx 786 : 130048 1170432 0 0 0 0 0 0 0 
nw-rodinia-3.6.sm_70.ptx 76 : 132096 396288 0 8256 8256 0 0 0 0 
nw-rodinia-3.6.sm_70.ptx 785 : 130048 390144 0 0 0 0 0 0 0 
nw-rodinia-3.6.sm_70.ptx 75 : 132096 45924128 532480 0 0 24768 8256 0 0 
nw-rodinia-3.6.sm_70.ptx 388 : 132096 4094976 0 66048 8256 0 0 0 0 
nw-rodinia-3.6.sm_70.ptx 51 : 132096 1188864 0 0 0 0 0 0 0 
nw-rodinia-3.6.sm_70.ptx 760 : 130048 45574928 520192 0 0 24384 8128 0 0 
nw-rodinia-3.6.sm_70.ptx 387 : 132096 3170304 0 8256 8256 0 0 0 0 
nw-rodinia-3.6.sm_70.ptx 50 : 132096 1188864 0 0 0 0 0 0 0 
nw-rodinia-3.6.sm_70.ptx 759 : 130048 1170432 0 0 0 0 0 0 0 
nw-rodinia-3.6.sm_70.ptx 217 : 41280 371520 0 0 0 0 0 0 0 
nw-rodinia-3.6.sm_70.ptx 49 : 132096 1188864 0 0 0 0 0 0 0 
nw-rodinia-3.6.sm_70.ptx 758 : 130048 390144 0 8128 8128 0 0 0 0 
nw-rodinia-3.6.sm_70.ptx 216 : 41280 1073280 0 24768 8256 0 0 0 0 
nw-rodinia-3.6.sm_70.ptx 385 : 132096 0 0 0 0 0 0 0 0 
nw-rodinia-3.6.sm_70.ptx 48 : 132096 660480 0 0 0 0 0 0 0 
nw-rodinia-3.6.sm_70.ptx 757 : 130048 45548944 520192 0 0 24384 8128 0 0 
nw-rodinia-3.6.sm_70.ptx 215 : 41280 371520 0 0 0 0 0 0 0 
nw-rodinia-3.6.sm_70.ptx 384 : 132096 792576 0 0 0 0 0 0 0 
nw-rodinia-3.6.sm_70.ptx 47 : 132096 1320960 0 0 0 0 0 0 0 
nw-rodinia-3.6.sm_70.ptx 756 : 130048 1170432 0 0 0 0 0 0 0 
nw-rodinia-3.6.sm_70.ptx 214 : 41280 1073280 0 24768 8256 0 0 0 0 
nw-rodinia-3.6.sm_70.ptx 383 : 132096 660480 0 0 0 0 0 0 0 
nw-rodinia-3.6.sm_70.ptx 46 : 132096 792576 0 0 0 0 0 0 0 
nw-rodinia-3.6.sm_70.ptx 755 : 130048 390144 0 8128 8128 0 0 0 0 
nw-rodinia-3.6.sm_70.ptx 213 : 41280 371520 0 0 0 0 0 0 0 
nw-rodinia-3.6.sm_70.ptx 45 : 132096 792576 0 0 0 0 0 0 0 
nw-rodinia-3.6.sm_70.ptx 754 : 130048 45481952 520192 0 0 24384 8128 0 0 
nw-rodinia-3.6.sm_70.ptx 212 : 41280 1073280 0 24768 8256 0 0 0 0 
nw-rodinia-3.6.sm_70.ptx 44 : 132096 1188864 0 0 0 0 0 0 0 
nw-rodinia-3.6.sm_70.ptx 753 : 130048 1170432 0 0 0 0 0 0 0 
nw-rodinia-3.6.sm_70.ptx 211 : 41280 990720 0 8256 8256 0 0 0 0 
nw-rodinia-3.6.sm_70.ptx 380 : 123840 1238400 0 66048 8256 0 0 0 0 
nw-rodinia-3.6.sm_70.ptx 43 : 132096 660480 0 0 0 0 0 0 0 
nw-rodinia-3.6.sm_70.ptx 752 : 130048 390144 0 8128 8128 0 0 0 0 
nw-rodinia-3.6.sm_70.ptx 379 : 123840 2229120 0 0 0 0 0 0 0 
nw-rodinia-3.6.sm_70.ptx 42 : 132096 1188864 0 0 0 0 0 0 0 
nw-rodinia-3.6.sm_70.ptx 751 : 130048 45152160 520192 0 0 24384 8128 0 0 
nw-rodinia-3.6.sm_70.ptx 209 : 132096 454080 0 0 0 0 0 0 8256 
nw-rodinia-3.6.sm_70.ptx 116 : 132096 660480 0 0 0 0 0 0 0 
nw-rodinia-3.6.sm_70.ptx 374 : 123840 3839040 0 66048 8256 0 0 0 0 
nw-rodinia-3.6.sm_70.ptx 37 : 132096 264192 0 0 0 0 0 0 0 
nw-rodinia-3.6.sm_70.ptx 746 : 130048 390144 0 8128 8128 0 0 0 0 
nw-rodinia-3.6.sm_70.ptx 204 : 33024 132096 0 16512 8256 0 0 0 0 
nw-rodinia-3.6.sm_70.ptx 411 : 123840 1238400 0 66048 8256 0 0 0 0 
nw-rodinia-3.6.sm_70.ptx 74 : 132096 1188864 0 0 0 0 0 0 0 
nw-rodinia-3.6.sm_70.ptx 115 : 132096 396288 0 8256 8256 0 0 0 0 
nw-rodinia-3.6.sm_70.ptx 824 : 8128 24384 0 8128 8128 0 0 0 0 
nw-rodinia-3.6.sm_70.ptx 373 : 123840 1114560 0 0 0 0 0 0 0 
nw-rodinia-3.6.sm_70.ptx 36 : 132096 264192 0 0 0 0 0 0 0 
nw-rodinia-3.6.sm_70.ptx 745 : 130048 45437152 520192 0 0 16256 8128 0 0 
nw-rodinia-3.6.sm_70.ptx 203 : 33024 594432 0 0 0 0 0 0 0 
nw-rodinia-3.6.sm_70.ptx 410 : 123840 2229120 0 0 0 0 0 0 0 
nw-rodinia-3.6.sm_70.ptx 73 : 132096 396288 0 8256 8256 0 0 0 0 
nw-rodinia-3.6.sm_70.ptx 782 : 8128 24384 0 8128 8128 0 0 0 0 
nw-rodinia-3.6.sm_70.ptx 375 : 123840 1114560 0 0 0 0 0 0 0 
nw-rodinia-3.6.sm_70.ptx 38 : 132096 264192 0 0 0 0 0 0 0 
nw-rodinia-3.6.sm_70.ptx 747 : 130048 1170432 0 0 0 0 0 0 0 
nw-rodinia-3.6.sm_70.ptx 376 : 123840 3839040 0 66048 8256 0 0 0 0 
nw-rodinia-3.6.sm_70.ptx 39 : 132096 264192 0 0 0 0 0 0 0 
nw-rodinia-3.6.sm_70.ptx 748 : 130048 45587424 520192 0 0 24384 8128 0 0 
nw-rodinia-3.6.sm_70.ptx 377 : 123840 1114560 0 0 0 0 0 0 0 
nw-rodinia-3.6.sm_70.ptx 40 : 132096 264192 0 0 0 0 0 0 0 
nw-rodinia-3.6.sm_70.ptx 749 : 130048 390144 0 8128 8128 0 0 0 0 
nw-rodinia-3.6.sm_70.ptx 207 : 132096 660480 0 0 0 0 0 0 0 
nw-rodinia-3.6.sm_70.ptx 378 : 123840 2229120 0 0 0 0 0 0 0 
nw-rodinia-3.6.sm_70.ptx 41 : 132096 792576 0 0 0 0 0 0 0 
nw-rodinia-3.6.sm_70.ptx 750 : 130048 1170432 0 0 0 0 0 0 0 
nw-rodinia-3.6.sm_70.ptx 208 : 132096 792576 0 0 0 0 0 0 0 
nw-rodinia-3.6.sm_70.ptx 389 : 132096 1188864 0 0 0 0 0 0 0 
nw-rodinia-3.6.sm_70.ptx 52 : 132096 792576 0 0 0 0 0 0 0 
nw-rodinia-3.6.sm_70.ptx 761 : 130048 390144 0 8128 8128 0 0 0 0 
nw-rodinia-3.6.sm_70.ptx 390 : 132096 4094976 0 66048 8256 0 0 0 0 
nw-rodinia-3.6.sm_70.ptx 53 : 132096 619200 0 0 0 0 0 0 8256 
nw-rodinia-3.6.sm_70.ptx 762 : 130048 1170432 0 0 0 0 0 0 0 
nw-rodinia-3.6.sm_70.ptx 392 : 132096 4094976 0 66048 8256 0 0 0 0 
nw-rodinia-3.6.sm_70.ptx 55 : 8256 74304 0 0 0 0 0 0 0 
nw-rodinia-3.6.sm_70.ptx 764 : 130048 390144 0 8128 8128 0 0 0 0 
nw-rodinia-3.6.sm_70.ptx 393 : 132096 1188864 0 0 0 0 0 0 0 
nw-rodinia-3.6.sm_70.ptx 56 : 8256 74304 0 0 0 0 0 0 0 
nw-rodinia-3.6.sm_70.ptx 765 : 130048 1170432 0 0 0 0 0 0 0 
nw-rodinia-3.6.sm_70.ptx 394 : 132096 2377728 0 0 0 0 0 0 0 
nw-rodinia-3.6.sm_70.ptx 57 : 8256 1585289 32 0 0 8256 8256 0 0 
nw-rodinia-3.6.sm_70.ptx 766 : 130048 45497856 520192 0 0 24384 8128 0 0 
nw-rodinia-3.6.sm_70.ptx 395 : 132096 2377728 0 0 0 0 0 0 0 
nw-rodinia-3.6.sm_70.ptx 58 : 8256 24768 0 8256 8256 0 0 0 0 
nw-rodinia-3.6.sm_70.ptx 767 : 130048 390144 0 8128 8128 0 0 0 0 
nw-rodinia-3.6.sm_70.ptx 61 : 132096 792576 0 0 0 0 0 0 0 
nw-rodinia-3.6.sm_70.ptx 770 : 130048 390144 0 8128 8128 0 0 0 0 
nw-rodinia-3.6.sm_70.ptx 399 : 132096 660480 0 0 0 0 0 0 0 
nw-rodinia-3.6.sm_70.ptx 62 : 132096 1188864 0 0 0 0 0 0 0 
nw-rodinia-3.6.sm_70.ptx 771 : 130048 1170432 0 0 0 0 0 0 0 
nw-rodinia-3.6.sm_70.ptx 400 : 132096 41280 0 0 0 0 0 0 8256 
nw-rodinia-3.6.sm_70.ptx 63 : 132096 1188864 0 0 0 0 0 0 0 
nw-rodinia-3.6.sm_70.ptx 772 : 130048 45733472 520192 0 0 24384 8128 0 0 
nw-rodinia-3.6.sm_70.ptx 64 : 132096 46812864 532480 0 0 24768 8256 0 0 
nw-rodinia-3.6.sm_70.ptx 773 : 130048 390144 0 8128 8128 0 0 0 0 
nw-rodinia-3.6.sm_70.ptx 402 : 123840 3591360 0 8256 8256 0 0 0 0 
nw-rodinia-3.6.sm_70.ptx 65 : 132096 792576 0 0 0 0 0 0 0 
nw-rodinia-3.6.sm_70.ptx 774 : 130048 780288 0 0 0 0 0 0 0 
nw-rodinia-3.6.sm_70.ptx 403 : 123840 4458240 0 66048 8256 0 0 0 0 
nw-rodinia-3.6.sm_70.ptx 66 : 132096 660480 0 0 0 0 0 0 0 
nw-rodinia-3.6.sm_70.ptx 775 : 130048 650240 0 0 0 0 0 0 0 
nw-rodinia-3.6.sm_70.ptx 404 : 123840 1114560 0 0 0 0 0 0 0 
nw-rodinia-3.6.sm_70.ptx 67 : 132096 1188864 0 0 0 0 0 0 0 
nw-rodinia-3.6.sm_70.ptx 776 : 130048 780288 0 0 0 0 0 0 0 
nw-rodinia-3.6.sm_70.ptx 405 : 123840 3839040 0 66048 8256 0 0 0 0 
nw-rodinia-3.6.sm_70.ptx 68 : 132096 396288 0 8256 8256 0 0 0 0 
nw-rodinia-3.6.sm_70.ptx 777 : 130048 609600 0 0 0 0 0 0 8128 
nw-rodinia-3.6.sm_70.ptx 406 : 123840 1114560 0 0 0 0 0 0 0 
nw-rodinia-3.6.sm_70.ptx 69 : 132096 792576 0 0 0 0 0 0 0 
nw-rodinia-3.6.sm_70.ptx 407 : 123840 3839040 0 66048 8256 0 0 0 0 
nw-rodinia-3.6.sm_70.ptx 70 : 132096 792576 0 0 0 0 0 0 0 
nw-rodinia-3.6.sm_70.ptx 779 : 8128 73152 0 0 0 0 0 0 0 
nw-rodinia-3.6.sm_70.ptx 408 : 123840 1114560 0 0 0 0 0 0 0 
nw-rodinia-3.6.sm_70.ptx 71 : 132096 1188864 0 0 0 0 0 0 0 
nw-rodinia-3.6.sm_70.ptx 780 : 8128 73152 0 0 0 0 0 0 0 
nw-rodinia-3.6.sm_70.ptx 409 : 123840 2229120 0 0 0 0 0 0 0 
nw-rodinia-3.6.sm_70.ptx 72 : 132096 46399632 532480 0 0 24768 8256 0 0 
nw-rodinia-3.6.sm_70.ptx 781 : 8128 1560643 0 0 0 8128 8128 0 0 
nw-rodinia-3.6.sm_70.ptx 117 : 132096 264192 0 0 0 0 0 0 0 
nw-rodinia-3.6.sm_70.ptx 118 : 132096 1453056 0 0 0 0 0 0 0 
nw-rodinia-3.6.sm_70.ptx 827 : 130048 650240 0 0 0 0 0 0 0 
nw-rodinia-3.6.sm_70.ptx 119 : 132096 1188864 0 0 0 0 0 0 0 
nw-rodinia-3.6.sm_70.ptx 828 : 130048 780288 0 0 0 0 0 0 0 
nw-rodinia-3.6.sm_70.ptx 120 : 132096 1188864 0 0 0 0 0 0 0 
nw-rodinia-3.6.sm_70.ptx 829 : 130048 568960 0 0 0 0 0 0 8128 
nw-rodinia-3.6.sm_70.ptx 121 : 132096 1188864 0 0 0 0 0 0 0 
nw-rodinia-3.6.sm_70.ptx 122 : 132096 61902688 3706656 0 0 132096 8256 0 0 
nw-rodinia-3.6.sm_70.ptx 831 : 16256 390144 0 8128 8128 0 0 0 0 
nw-rodinia-3.6.sm_70.ptx 123 : 132096 660480 0 0 0 0 0 0 0 
nw-rodinia-3.6.sm_70.ptx 832 : 16256 390144 0 8128 8128 0 0 0 0 
nw-rodinia-3.6.sm_70.ptx 124 : 132096 1320960 0 0 0 0 0 0 0 
nw-rodinia-3.6.sm_70.ptx 833 : 16256 146304 0 0 0 0 0 0 0 
nw-rodinia-3.6.sm_70.ptx 125 : 132096 396288 0 8256 8256 0 0 0 0 
nw-rodinia-3.6.sm_70.ptx 834 : 16256 390144 0 8128 8128 0 0 0 0 
nw-rodinia-3.6.sm_70.ptx 126 : 132096 660480 0 0 0 0 0 0 0 
nw-rodinia-3.6.sm_70.ptx 835 : 16256 146304 0 0 0 0 0 0 0 
nw-rodinia-3.6.sm_70.ptx 127 : 132096 792576 0 0 0 0 0 0 0 
nw-rodinia-3.6.sm_70.ptx 836 : 16256 390144 0 8128 8128 0 0 0 0 
nw-rodinia-3.6.sm_70.ptx 128 : 132096 1188864 0 0 0 0 0 0 0 
nw-rodinia-3.6.sm_70.ptx 837 : 16256 146304 0 0 0 0 0 0 0 
nw-rodinia-3.6.sm_70.ptx 129 : 132096 1188864 0 0 0 0 0 0 0 
nw-rodinia-3.6.sm_70.ptx 838 : 16256 292608 0 0 0 0 0 0 0 
nw-rodinia-3.6.sm_70.ptx 130 : 132096 1188864 0 0 0 0 0 0 0 
nw-rodinia-3.6.sm_70.ptx 839 : 16256 292608 0 0 0 0 0 0 0 
nw-rodinia-3.6.sm_70.ptx 131 : 132096 1188864 0 0 0 0 0 0 0 
nw-rodinia-3.6.sm_70.ptx 840 : 16256 48768 0 8128 8128 0 0 0 0 
nw-rodinia-3.6.sm_70.ptx 132 : 132096 25855152 8416 0 0 24768 8256 0 0 
nw-rodinia-3.6.sm_70.ptx 133 : 132096 1188864 0 0 0 0 0 0 0 
nw-rodinia-3.6.sm_70.ptx 134 : 132096 396288 0 8256 8256 0 0 0 0 
nw-rodinia-3.6.sm_70.ptx 843 : 130048 650240 0 0 0 0 0 0 0 
nw-rodinia-3.6.sm_70.ptx 135 : 132096 660480 0 0 0 0 0 0 0 
nw-rodinia-3.6.sm_70.ptx 844 : 130048 780288 0 0 0 0 0 0 0 
nw-rodinia-3.6.sm_70.ptx 136 : 132096 660480 0 0 0 0 0 0 0 
nw-rodinia-3.6.sm_70.ptx 845 : 130048 528320 0 0 0 0 0 0 8128 
nw-rodinia-3.6.sm_70.ptx 137 : 132096 792576 0 0 0 0 0 0 0 
nw-rodinia-3.6.sm_70.ptx 138 : 132096 792576 0 0 0 0 0 0 0 
nw-rodinia-3.6.sm_70.ptx 847 : 24384 585216 0 8128 8128 0 0 0 0 
nw-rodinia-3.6.sm_70.ptx 139 : 132096 1320960 0 0 0 0 0 0 0 
nw-rodinia-3.6.sm_70.ptx 848 : 24384 609600 0 16256 8128 0 0 0 0 
nw-rodinia-3.6.sm_70.ptx 140 : 132096 1188864 0 0 0 0 0 0 0 
nw-rodinia-3.6.sm_70.ptx 849 : 24384 219456 0 0 0 0 0 0 0 
nw-rodinia-3.6.sm_70.ptx 141 : 132096 792576 0 0 0 0 0 0 0 
nw-rodinia-3.6.sm_70.ptx 850 : 24384 609600 0 16256 8128 0 0 0 0 
nw-rodinia-3.6.sm_70.ptx 142 : 132096 1320960 0 0 0 0 0 0 0 
nw-rodinia-3.6.sm_70.ptx 851 : 24384 219456 0 0 0 0 0 0 0 
nw-rodinia-3.6.sm_70.ptx 143 : 132096 1188864 0 0 0 0 0 0 0 
nw-rodinia-3.6.sm_70.ptx 852 : 24384 609600 0 16256 8128 0 0 0 0 
nw-rodinia-3.6.sm_70.ptx 144 : 132096 792576 0 0 0 0 0 0 0 
nw-rodinia-3.6.sm_70.ptx 853 : 24384 219456 0 0 0 0 0 0 0 
nw-rodinia-3.6.sm_70.ptx 145 : 132096 619200 0 0 0 0 0 0 8256 
nw-rodinia-3.6.sm_70.ptx 854 : 24384 438912 0 0 0 0 0 0 0 
nw-rodinia-3.6.sm_70.ptx 147 : 8256 198144 0 8256 8256 0 0 0 0 
nw-rodinia-3.6.sm_70.ptx 856 : 24384 97536 0 16256 8128 0 0 0 0 
nw-rodinia-3.6.sm_70.ptx 148 : 8256 198144 0 8256 8256 0 0 0 0 
nw-rodinia-3.6.sm_70.ptx 149 : 8256 74304 0 0 0 0 0 0 0 
nw-rodinia-3.6.sm_70.ptx 150 : 8256 198144 0 8256 8256 0 0 0 0 
nw-rodinia-3.6.sm_70.ptx 859 : 130048 650240 0 0 0 0 0 0 0 
nw-rodinia-3.6.sm_70.ptx 151 : 8256 74304 0 0 0 0 0 0 0 
nw-rodinia-3.6.sm_70.ptx 860 : 130048 780288 0 0 0 0 0 0 0 
nw-rodinia-3.6.sm_70.ptx 152 : 8256 198144 0 8256 8256 0 0 0 0 
nw-rodinia-3.6.sm_70.ptx 861 : 130048 487680 0 0 0 0 0 0 8128 
nw-rodinia-3.6.sm_70.ptx 153 : 8256 74304 0 0 0 0 0 0 0 
nw-rodinia-3.6.sm_70.ptx 154 : 8256 148608 0 0 0 0 0 0 0 
nw-rodinia-3.6.sm_70.ptx 863 : 32512 780288 0 8128 8128 0 0 0 0 
nw-rodinia-3.6.sm_70.ptx 155 : 8256 148608 0 0 0 0 0 0 0 
nw-rodinia-3.6.sm_70.ptx 864 : 32512 812800 0 16256 8128 0 0 0 0 
nw-rodinia-3.6.sm_70.ptx 156 : 8256 24768 0 8256 8256 0 0 0 0 
nw-rodinia-3.6.sm_70.ptx 865 : 32512 292608 0 0 0 0 0 0 0 
nw-rodinia-3.6.sm_70.ptx 159 : 132096 660480 0 0 0 0 0 0 0 
nw-rodinia-3.6.sm_70.ptx 868 : 32512 812800 0 16256 8128 0 0 0 0 
nw-rodinia-3.6.sm_70.ptx 160 : 132096 792576 0 0 0 0 0 0 0 
nw-rodinia-3.6.sm_70.ptx 869 : 32512 292608 0 0 0 0 0 0 0 
nw-rodinia-3.6.sm_70.ptx 161 : 132096 577920 0 0 0 0 0 0 8256 
nw-rodinia-3.6.sm_70.ptx 870 : 32512 585216 0 0 0 0 0 0 0 
nw-rodinia-3.6.sm_70.ptx 163 : 16512 396288 0 8256 8256 0 0 0 0 
nw-rodinia-3.6.sm_70.ptx 872 : 32512 130048 0 16256 8128 0 0 0 0 
nw-rodinia-3.6.sm_70.ptx 164 : 16512 396288 0 8256 8256 0 0 0 0 
nw-rodinia-3.6.sm_70.ptx 165 : 16512 148608 0 0 0 0 0 0 0 
nw-rodinia-3.6.sm_70.ptx 166 : 16512 396288 0 8256 8256 0 0 0 0 
nw-rodinia-3.6.sm_70.ptx 167 : 16512 148608 0 0 0 0 0 0 0 
nw-rodinia-3.6.sm_70.ptx 168 : 16512 396288 0 8256 8256 0 0 0 0 
nw-rodinia-3.6.sm_70.ptx 169 : 16512 148608 0 0 0 0 0 0 0 
nw-rodinia-3.6.sm_70.ptx 170 : 16512 297216 0 0 0 0 0 0 0 
nw-rodinia-3.6.sm_70.ptx 171 : 16512 297216 0 0 0 0 0 0 0 
nw-rodinia-3.6.sm_70.ptx 172 : 16512 49536 0 8256 8256 0 0 0 0 
nw-rodinia-3.6.sm_70.ptx 175 : 132096 660480 0 0 0 0 0 0 0 
nw-rodinia-3.6.sm_70.ptx 176 : 132096 792576 0 0 0 0 0 0 0 
nw-rodinia-3.6.sm_70.ptx 177 : 132096 536640 0 0 0 0 0 0 8256 
nw-rodinia-3.6.sm_70.ptx 179 : 24768 594432 0 8256 8256 0 0 0 0 
nw-rodinia-3.6.sm_70.ptx 180 : 24768 619200 0 16512 8256 0 0 0 0 
nw-rodinia-3.6.sm_70.ptx 181 : 24768 222912 0 0 0 0 0 0 0 
nw-rodinia-3.6.sm_70.ptx 182 : 24768 619200 0 16512 8256 0 0 0 0 
nw-rodinia-3.6.sm_70.ptx 183 : 24768 222912 0 0 0 0 0 0 0 
nw-rodinia-3.6.sm_70.ptx 184 : 24768 619200 0 16512 8256 0 0 0 0 
nw-rodinia-3.6.sm_70.ptx 185 : 24768 222912 0 0 0 0 0 0 0 
nw-rodinia-3.6.sm_70.ptx 186 : 24768 445824 0 0 0 0 0 0 0 
nw-rodinia-3.6.sm_70.ptx 187 : 24768 445824 0 0 0 0 0 0 0 
nw-rodinia-3.6.sm_70.ptx 188 : 24768 99072 0 16512 8256 0 0 0 0 
nw-rodinia-3.6.sm_70.ptx 191 : 132096 660480 0 0 0 0 0 0 0 
nw-rodinia-3.6.sm_70.ptx 192 : 132096 792576 0 0 0 0 0 0 0 
nw-rodinia-3.6.sm_70.ptx 193 : 132096 495360 0 0 0 0 0 0 8256 
nw-rodinia-3.6.sm_70.ptx 195 : 33024 792576 0 8256 8256 0 0 0 0 
nw-rodinia-3.6.sm_70.ptx 196 : 33024 825600 0 16512 8256 0 0 0 0 
nw-rodinia-3.6.sm_70.ptx 197 : 33024 297216 0 0 0 0 0 0 0 
nw-rodinia-3.6.sm_70.ptx 198 : 33024 825600 0 16512 8256 0 0 0 0 
nw-rodinia-3.6.sm_70.ptx 199 : 33024 297216 0 0 0 0 0 0 0 
nw-rodinia-3.6.sm_70.ptx 200 : 33024 825600 0 16512 8256 0 0 0 0 
nw-rodinia-3.6.sm_70.ptx 201 : 33024 297216 0 0 0 0 0 0 0 
nw-rodinia-3.6.sm_70.ptx 202 : 33024 594432 0 0 0 0 0 0 0 
nw-rodinia-3.6.sm_70.ptx 429 : 132096 660480 0 0 0 0 0 0 0 
nw-rodinia-3.6.sm_70.ptx 430 : 132096 123840 0 0 0 0 0 0 8256 
nw-rodinia-3.6.sm_70.ptx 432 : 107328 3005184 0 8256 8256 0 0 0 0 
nw-rodinia-3.6.sm_70.ptx 433 : 107328 3649152 0 57792 8256 0 0 0 0 
nw-rodinia-3.6.sm_70.ptx 434 : 107328 965952 0 0 0 0 0 0 0 
nw-rodinia-3.6.sm_70.ptx 435 : 107328 3219840 0 57792 8256 0 0 0 0 
nw-rodinia-3.6.sm_70.ptx 436 : 107328 965952 0 0 0 0 0 0 0 
nw-rodinia-3.6.sm_70.ptx 437 : 107328 3219840 0 57792 8256 0 0 0 0 
nw-rodinia-3.6.sm_70.ptx 438 : 107328 965952 0 0 0 0 0 0 0 
nw-rodinia-3.6.sm_70.ptx 439 : 107328 1931904 0 0 0 0 0 0 0 
nw-rodinia-3.6.sm_70.ptx 440 : 107328 1931904 0 0 0 0 0 0 0 
nw-rodinia-3.6.sm_70.ptx 441 : 107328 965952 0 57792 8256 0 0 0 0 
nw-rodinia-3.6.sm_70.ptx 444 : 132096 660480 0 0 0 0 0 0 0 
nw-rodinia-3.6.sm_70.ptx 445 : 132096 165120 0 0 0 0 0 0 8256 
nw-rodinia-3.6.sm_70.ptx 447 : 99072 2774016 0 8256 8256 0 0 0 0 
nw-rodinia-3.6.sm_70.ptx 448 : 99072 3269376 0 49536 8256 0 0 0 0 
nw-rodinia-3.6.sm_70.ptx 449 : 99072 891648 0 0 0 0 0 0 0 
nw-rodinia-3.6.sm_70.ptx 450 : 99072 2873088 0 49536 8256 0 0 0 0 
nw-rodinia-3.6.sm_70.ptx 451 : 99072 891648 0 0 0 0 0 0 0 
nw-rodinia-3.6.sm_70.ptx 452 : 99072 2873088 0 49536 8256 0 0 0 0 
nw-rodinia-3.6.sm_70.ptx 453 : 99072 891648 0 0 0 0 0 0 0 
nw-rodinia-3.6.sm_70.ptx 454 : 99072 1783296 0 0 0 0 0 0 0 
nw-rodinia-3.6.sm_70.ptx 455 : 99072 1783296 0 0 0 0 0 0 0 
nw-rodinia-3.6.sm_70.ptx 456 : 99072 792576 0 49536 8256 0 0 0 0 
nw-rodinia-3.6.sm_70.ptx 459 : 132096 660480 0 0 0 0 0 0 0 
nw-rodinia-3.6.sm_70.ptx 460 : 132096 206400 0 0 0 0 0 0 8256 
nw-rodinia-3.6.sm_70.ptx 462 : 90816 2452032 0 8256 8256 0 0 0 0 
nw-rodinia-3.6.sm_70.ptx 463 : 90816 2906112 0 49536 8256 0 0 0 0 
nw-rodinia-3.6.sm_70.ptx 464 : 90816 817344 0 0 0 0 0 0 0 
nw-rodinia-3.6.sm_70.ptx 465 : 90816 2633664 0 49536 8256 0 0 0 0 
nw-rodinia-3.6.sm_70.ptx 466 : 90816 817344 0 0 0 0 0 0 0 
nw-rodinia-3.6.sm_70.ptx 467 : 90816 2633664 0 49536 8256 0 0 0 0 
nw-rodinia-3.6.sm_70.ptx 468 : 90816 817344 0 0 0 0 0 0 0 
nw-rodinia-3.6.sm_70.ptx 469 : 90816 1634688 0 0 0 0 0 0 0 
nw-rodinia-3.6.sm_70.ptx 470 : 90816 1634688 0 0 0 0 0 0 0 
nw-rodinia-3.6.sm_70.ptx 471 : 90816 726528 0 49536 8256 0 0 0 0 
nw-rodinia-3.6.sm_70.ptx 474 : 132096 660480 0 0 0 0 0 0 0 
nw-rodinia-3.6.sm_70.ptx 475 : 132096 247680 0 0 0 0 0 0 8256 
nw-rodinia-3.6.sm_70.ptx 477 : 82560 2229120 0 8256 8256 0 0 0 0 
nw-rodinia-3.6.sm_70.ptx 478 : 82560 2559360 0 41280 8256 0 0 0 0 
nw-rodinia-3.6.sm_70.ptx 479 : 82560 743040 0 0 0 0 0 0 0 
nw-rodinia-3.6.sm_70.ptx 480 : 82560 2311680 0 41280 8256 0 0 0 0 
nw-rodinia-3.6.sm_70.ptx 481 : 82560 743040 0 0 0 0 0 0 0 
nw-rodinia-3.6.sm_70.ptx 482 : 82560 2311680 0 41280 8256 0 0 0 0 
nw-rodinia-3.6.sm_70.ptx 483 : 82560 743040 0 0 0 0 0 0 0 
nw-rodinia-3.6.sm_70.ptx 484 : 82560 1486080 0 0 0 0 0 0 0 
nw-rodinia-3.6.sm_70.ptx 485 : 82560 1486080 0 0 0 0 0 0 0 
nw-rodinia-3.6.sm_70.ptx 486 : 82560 577920 0 41280 8256 0 0 0 0 
nw-rodinia-3.6.sm_70.ptx 489 : 132096 660480 0 0 0 0 0 0 0 
nw-rodinia-3.6.sm_70.ptx 490 : 132096 288960 0 0 0 0 0 0 8256 
nw-rodinia-3.6.sm_70.ptx 492 : 74304 1931904 0 8256 8256 0 0 0 0 
nw-rodinia-3.6.sm_70.ptx 493 : 74304 2229120 0 41280 8256 0 0 0 0 
nw-rodinia-3.6.sm_70.ptx 494 : 74304 668736 0 0 0 0 0 0 0 
nw-rodinia-3.6.sm_70.ptx 495 : 74304 2080512 0 41280 8256 0 0 0 0 
nw-rodinia-3.6.sm_70.ptx 496 : 74304 668736 0 0 0 0 0 0 0 
nw-rodinia-3.6.sm_70.ptx 497 : 74304 2080512 0 41280 8256 0 0 0 0 
nw-rodinia-3.6.sm_70.ptx 498 : 74304 668736 0 0 0 0 0 0 0 
nw-rodinia-3.6.sm_70.ptx 499 : 74304 1337472 0 0 0 0 0 0 0 
nw-rodinia-3.6.sm_70.ptx 500 : 74304 1337472 0 0 0 0 0 0 0 
nw-rodinia-3.6.sm_70.ptx 501 : 74304 520128 0 41280 8256 0 0 0 0 
nw-rodinia-3.6.sm_70.ptx 504 : 132096 660480 0 0 0 0 0 0 0 
nw-rodinia-3.6.sm_70.ptx 505 : 132096 330240 0 0 0 0 0 0 8256 
nw-rodinia-3.6.sm_70.ptx 507 : 66048 1717248 0 8256 8256 0 0 0 0 
nw-rodinia-3.6.sm_70.ptx 508 : 66048 1915392 0 33024 8256 0 0 0 0 
nw-rodinia-3.6.sm_70.ptx 509 : 66048 594432 0 0 0 0 0 0 0 
nw-rodinia-3.6.sm_70.ptx 510 : 66048 1783296 0 33024 8256 0 0 0 0 
nw-rodinia-3.6.sm_70.ptx 511 : 66048 594432 0 0 0 0 0 0 0 
nw-rodinia-3.6.sm_70.ptx 512 : 66048 1783296 0 33024 8256 0 0 0 0 
nw-rodinia-3.6.sm_70.ptx 513 : 66048 594432 0 0 0 0 0 0 0 
nw-rodinia-3.6.sm_70.ptx 514 : 66048 1188864 0 0 0 0 0 0 0 
nw-rodinia-3.6.sm_70.ptx 515 : 66048 1188864 0 0 0 0 0 0 0 
nw-rodinia-3.6.sm_70.ptx 516 : 66048 396288 0 33024 8256 0 0 0 0 
nw-rodinia-3.6.sm_70.ptx 519 : 132096 660480 0 0 0 0 0 0 0 
nw-rodinia-3.6.sm_70.ptx 520 : 132096 371520 0 0 0 0 0 0 8256 
nw-rodinia-3.6.sm_70.ptx 522 : 57792 1444800 0 8256 8256 0 0 0 0 
nw-rodinia-3.6.sm_70.ptx 523 : 57792 1618176 0 33024 8256 0 0 0 0 
nw-rodinia-3.6.sm_70.ptx 524 : 57792 520128 0 0 0 0 0 0 0 
nw-rodinia-3.6.sm_70.ptx 525 : 57792 1560384 0 33024 8256 0 0 0 0 
nw-rodinia-3.6.sm_70.ptx 526 : 57792 520128 0 0 0 0 0 0 0 
nw-rodinia-3.6.sm_70.ptx 527 : 57792 1560384 0 33024 8256 0 0 0 0 
nw-rodinia-3.6.sm_70.ptx 528 : 57792 520128 0 0 0 0 0 0 0 
nw-rodinia-3.6.sm_70.ptx 529 : 57792 1040256 0 0 0 0 0 0 0 
nw-rodinia-3.6.sm_70.ptx 530 : 57792 1040256 0 0 0 0 0 0 0 
nw-rodinia-3.6.sm_70.ptx 531 : 57792 346752 0 33024 8256 0 0 0 0 
nw-rodinia-3.6.sm_70.ptx 534 : 132096 660480 0 0 0 0 0 0 0 
nw-rodinia-3.6.sm_70.ptx 535 : 132096 412800 0 0 0 0 0 0 8256 
nw-rodinia-3.6.sm_70.ptx 537 : 49536 1238400 0 8256 8256 0 0 0 0 
nw-rodinia-3.6.sm_70.ptx 538 : 49536 1337472 0 24768 8256 0 0 0 0 
nw-rodinia-3.6.sm_70.ptx 539 : 49536 445824 0 0 0 0 0 0 0 
nw-rodinia-3.6.sm_70.ptx 540 : 49536 1287936 0 24768 8256 0 0 0 0 
nw-rodinia-3.6.sm_70.ptx 541 : 49536 445824 0 0 0 0 0 0 0 
nw-rodinia-3.6.sm_70.ptx 542 : 49536 1287936 0 24768 8256 0 0 0 0 
nw-rodinia-3.6.sm_70.ptx 543 : 49536 445824 0 0 0 0 0 0 0 
nw-rodinia-3.6.sm_70.ptx 544 : 49536 891648 0 0 0 0 0 0 0 
nw-rodinia-3.6.sm_70.ptx 545 : 49536 891648 0 0 0 0 0 0 0 
nw-rodinia-3.6.sm_70.ptx 546 : 49536 247680 0 24768 8256 0 0 0 0 
nw-rodinia-3.6.sm_70.ptx 549 : 132096 660480 0 0 0 0 0 0 0 
nw-rodinia-3.6.sm_70.ptx 550 : 132096 454080 0 0 0 0 0 0 8256 
nw-rodinia-3.6.sm_70.ptx 552 : 41280 990720 0 8256 8256 0 0 0 0 
nw-rodinia-3.6.sm_70.ptx 553 : 41280 1073280 0 24768 8256 0 0 0 0 
nw-rodinia-3.6.sm_70.ptx 554 : 41280 371520 0 0 0 0 0 0 0 
nw-rodinia-3.6.sm_70.ptx 555 : 41280 1073280 0 24768 8256 0 0 0 0 
nw-rodinia-3.6.sm_70.ptx 556 : 41280 371520 0 0 0 0 0 0 0 
nw-rodinia-3.6.sm_70.ptx 557 : 41280 1073280 0 24768 8256 0 0 0 0 
nw-rodinia-3.6.sm_70.ptx 558 : 41280 371520 0 0 0 0 0 0 0 
nw-rodinia-3.6.sm_70.ptx 559 : 41280 743040 0 0 0 0 0 0 0 
nw-rodinia-3.6.sm_70.ptx 560 : 41280 743040 0 0 0 0 0 0 0 
nw-rodinia-3.6.sm_70.ptx 561 : 41280 206400 0 24768 8256 0 0 0 0 
nw-rodinia-3.6.sm_70.ptx 564 : 132096 660480 0 0 0 0 0 0 0 
nw-rodinia-3.6.sm_70.ptx 565 : 132096 495360 0 0 0 0 0 0 8256 
nw-rodinia-3.6.sm_70.ptx 567 : 33024 792576 0 8256 8256 0 0 0 0 
nw-rodinia-3.6.sm_70.ptx 568 : 33024 825600 0 16512 8256 0 0 0 0 
nw-rodinia-3.6.sm_70.ptx 569 : 33024 297216 0 0 0 0 0 0 0 
nw-rodinia-3.6.sm_70.ptx 570 : 33024 825600 0 16512 8256 0 0 0 0 
nw-rodinia-3.6.sm_70.ptx 571 : 33024 297216 0 0 0 0 0 0 0 
nw-rodinia-3.6.sm_70.ptx 572 : 33024 825600 0 16512 8256 0 0 0 0 
nw-rodinia-3.6.sm_70.ptx 573 : 33024 297216 0 0 0 0 0 0 0 
nw-rodinia-3.6.sm_70.ptx 574 : 33024 594432 0 0 0 0 0 0 0 
nw-rodinia-3.6.sm_70.ptx 575 : 33024 594432 0 0 0 0 0 0 0 
nw-rodinia-3.6.sm_70.ptx 576 : 33024 132096 0 16512 8256 0 0 0 0 
nw-rodinia-3.6.sm_70.ptx 579 : 132096 660480 0 0 0 0 0 0 0 
nw-rodinia-3.6.sm_70.ptx 580 : 132096 536640 0 0 0 0 0 0 8256 
nw-rodinia-3.6.sm_70.ptx 582 : 24768 594432 0 8256 8256 0 0 0 0 
nw-rodinia-3.6.sm_70.ptx 583 : 24768 619200 0 16512 8256 0 0 0 0 
nw-rodinia-3.6.sm_70.ptx 584 : 24768 222912 0 0 0 0 0 0 0 
nw-rodinia-3.6.sm_70.ptx 585 : 24768 619200 0 16512 8256 0 0 0 0 
nw-rodinia-3.6.sm_70.ptx 586 : 24768 222912 0 0 0 0 0 0 0 
nw-rodinia-3.6.sm_70.ptx 587 : 24768 619200 0 16512 8256 0 0 0 0 
nw-rodinia-3.6.sm_70.ptx 588 : 24768 222912 0 0 0 0 0 0 0 
nw-rodinia-3.6.sm_70.ptx 589 : 24768 445824 0 0 0 0 0 0 0 
nw-rodinia-3.6.sm_70.ptx 590 : 24768 445824 0 0 0 0 0 0 0 
nw-rodinia-3.6.sm_70.ptx 591 : 24768 99072 0 16512 8256 0 0 0 0 
nw-rodinia-3.6.sm_70.ptx 594 : 132096 660480 0 0 0 0 0 0 0 
nw-rodinia-3.6.sm_70.ptx 595 : 132096 577920 0 0 0 0 0 0 8256 
nw-rodinia-3.6.sm_70.ptx 597 : 16512 396288 0 8256 8256 0 0 0 0 
nw-rodinia-3.6.sm_70.ptx 598 : 16512 396288 0 8256 8256 0 0 0 0 
nw-rodinia-3.6.sm_70.ptx 599 : 16512 148608 0 0 0 0 0 0 0 
nw-rodinia-3.6.sm_70.ptx 600 : 16512 396288 0 8256 8256 0 0 0 0 
nw-rodinia-3.6.sm_70.ptx 601 : 16512 148608 0 0 0 0 0 0 0 
nw-rodinia-3.6.sm_70.ptx 602 : 16512 396288 0 8256 8256 0 0 0 0 
nw-rodinia-3.6.sm_70.ptx 603 : 16512 148608 0 0 0 0 0 0 0 
nw-rodinia-3.6.sm_70.ptx 604 : 16512 297216 0 0 0 0 0 0 0 
nw-rodinia-3.6.sm_70.ptx 605 : 16512 297216 0 0 0 0 0 0 0 
nw-rodinia-3.6.sm_70.ptx 606 : 16512 49536 0 8256 8256 0 0 0 0 
nw-rodinia-3.6.sm_70.ptx 609 : 132096 660480 0 0 0 0 0 0 0 
nw-rodinia-3.6.sm_70.ptx 610 : 132096 619200 0 0 0 0 0 0 8256 
nw-rodinia-3.6.sm_70.ptx 612 : 8256 198144 0 8256 8256 0 0 0 0 
nw-rodinia-3.6.sm_70.ptx 613 : 8256 198144 0 8256 8256 0 0 0 0 
nw-rodinia-3.6.sm_70.ptx 614 : 8256 74304 0 0 0 0 0 0 0 
nw-rodinia-3.6.sm_70.ptx 615 : 8256 198144 0 8256 8256 0 0 0 0 
nw-rodinia-3.6.sm_70.ptx 616 : 8256 74304 0 0 0 0 0 0 0 
nw-rodinia-3.6.sm_70.ptx 617 : 8256 198144 0 8256 8256 0 0 0 0 
nw-rodinia-3.6.sm_70.ptx 618 : 8256 74304 0 0 0 0 0 0 0 
nw-rodinia-3.6.sm_70.ptx 619 : 8256 148608 0 0 0 0 0 0 0 
nw-rodinia-3.6.sm_70.ptx 620 : 8256 148608 0 0 0 0 0 0 0 
nw-rodinia-3.6.sm_70.ptx 621 : 8256 24768 0 8256 8256 0 0 0 0 
nw-rodinia-3.6.sm_70.ptx 624 : 132096 660480 0 0 0 0 0 0 0 
nw-rodinia-3.6.sm_70.ptx 625 : 132096 264192 0 0 0 0 0 0 0 
nw-rodinia-3.6.sm_70.ptx 626 : 132096 792576 0 0 0 0 0 0 0 
nw-rodinia-3.6.sm_70.ptx 627 : 132096 792576 0 0 0 0 0 0 0 
nw-rodinia-3.6.sm_70.ptx 628 : 132096 1188864 0 0 0 0 0 0 0 
nw-rodinia-3.6.sm_70.ptx 629 : 132096 1188864 0 0 0 0 0 0 0 
nw-rodinia-3.6.sm_70.ptx 630 : 132096 1188864 0 0 0 0 0 0 0 
nw-rodinia-3.6.sm_70.ptx 631 : 132096 1188864 0 0 0 0 0 0 0 
nw-rodinia-3.6.sm_70.ptx 632 : 132096 3170304 0 8256 8256 0 0 0 0 
nw-rodinia-3.6.sm_70.ptx 633 : 132096 1188864 0 0 0 0 0 0 0 
nw-rodinia-3.6.sm_70.ptx 634 : 132096 3170304 0 8256 8256 0 0 0 0 
nw-rodinia-3.6.sm_70.ptx 635 : 132096 3170304 0 8256 8256 0 0 0 0 
nw-rodinia-3.6.sm_70.ptx 636 : 132096 3170304 0 8256 8256 0 0 0 0 
nw-rodinia-3.6.sm_70.ptx 637 : 132096 3170304 0 8256 8256 0 0 0 0 
nw-rodinia-3.6.sm_70.ptx 638 : 132096 3170304 0 8256 8256 0 0 0 0 
nw-rodinia-3.6.sm_70.ptx 639 : 132096 3170304 0 8256 8256 0 0 0 0 
nw-rodinia-3.6.sm_70.ptx 640 : 132096 3170304 0 8256 8256 0 0 0 0 
nw-rodinia-3.6.sm_70.ptx 641 : 132096 3170304 0 8256 8256 0 0 0 0 
nw-rodinia-3.6.sm_70.ptx 642 : 132096 3170304 0 8256 8256 0 0 0 0 
nw-rodinia-3.6.sm_70.ptx 643 : 132096 3170304 0 8256 8256 0 0 0 0 
nw-rodinia-3.6.sm_70.ptx 644 : 132096 3170304 0 8256 8256 0 0 0 0 
nw-rodinia-3.6.sm_70.ptx 645 : 132096 3302400 0 8256 8256 0 0 0 0 
nw-rodinia-3.6.sm_70.ptx 646 : 132096 3302400 0 8256 8256 0 0 0 0 
nw-rodinia-3.6.sm_70.ptx 647 : 132096 3302400 0 8256 8256 0 0 0 0 
nw-rodinia-3.6.sm_70.ptx 648 : 132096 3302400 0 8256 8256 0 0 0 0 
nw-rodinia-3.6.sm_70.ptx 649 : 132096 396288 0 0 0 24768 8256 0 0 
nw-rodinia-3.6.sm_70.ptx 650 : 132096 1188864 0 0 0 0 0 0 0 
nw-rodinia-3.6.sm_70.ptx 651 : 132096 396288 0 0 0 24768 8256 0 0 
nw-rodinia-3.6.sm_70.ptx 652 : 132096 1188864 0 0 0 0 0 0 0 
nw-rodinia-3.6.sm_70.ptx 653 : 132096 396288 0 0 0 24768 8256 0 0 
nw-rodinia-3.6.sm_70.ptx 654 : 132096 1188864 0 0 0 0 0 0 0 
nw-rodinia-3.6.sm_70.ptx 655 : 132096 396288 0 0 0 24768 8256 0 0 
nw-rodinia-3.6.sm_70.ptx 656 : 132096 1188864 0 0 0 0 0 0 0 
nw-rodinia-3.6.sm_70.ptx 657 : 132096 396288 0 0 0 24768 8256 0 0 
nw-rodinia-3.6.sm_70.ptx 658 : 132096 1188864 0 0 0 0 0 0 0 
nw-rodinia-3.6.sm_70.ptx 659 : 132096 396288 0 0 0 24768 8256 0 0 
nw-rodinia-3.6.sm_70.ptx 660 : 132096 1188864 0 0 0 0 0 0 0 
nw-rodinia-3.6.sm_70.ptx 661 : 132096 396288 0 0 0 16512 8256 0 0 
nw-rodinia-3.6.sm_70.ptx 662 : 132096 1188864 0 0 0 0 0 0 0 
nw-rodinia-3.6.sm_70.ptx 663 : 132096 396288 0 0 0 24768 8256 0 0 
nw-rodinia-3.6.sm_70.ptx 664 : 132096 1188864 0 0 0 0 0 0 0 
nw-rodinia-3.6.sm_70.ptx 665 : 132096 396288 0 0 0 24768 8256 0 0 
nw-rodinia-3.6.sm_70.ptx 666 : 132096 1188864 0 0 0 0 0 0 0 
nw-rodinia-3.6.sm_70.ptx 667 : 132096 396288 0 0 0 24768 8256 0 0 
nw-rodinia-3.6.sm_70.ptx 668 : 132096 1188864 0 0 0 0 0 0 0 
nw-rodinia-3.6.sm_70.ptx 669 : 132096 396288 0 0 0 24768 8256 0 0 
nw-rodinia-3.6.sm_70.ptx 670 : 132096 1188864 0 0 0 0 0 0 0 
nw-rodinia-3.6.sm_70.ptx 671 : 132096 396288 0 0 0 24768 8256 0 0 
nw-rodinia-3.6.sm_70.ptx 672 : 132096 1188864 0 0 0 0 0 0 0 
nw-rodinia-3.6.sm_70.ptx 673 : 132096 396288 0 0 0 24768 8256 0 0 
nw-rodinia-3.6.sm_70.ptx 674 : 132096 1188864 0 0 0 0 0 0 0 
nw-rodinia-3.6.sm_70.ptx 675 : 132096 396288 0 0 0 24768 8256 0 0 
nw-rodinia-3.6.sm_70.ptx 676 : 132096 1188864 0 0 0 0 0 0 0 
nw-rodinia-3.6.sm_70.ptx 677 : 132096 396288 0 0 0 16512 8256 0 0 
nw-rodinia-3.6.sm_70.ptx 678 : 132096 1188864 0 0 0 0 0 0 0 
nw-rodinia-3.6.sm_70.ptx 679 : 132096 396288 0 0 0 24768 8256 0 0 
nw-rodinia-3.6.sm_70.ptx 680 : 132096 660480 0 0 0 0 0 0 0 
nw-rodinia-3.6.sm_70.ptx 701 : 130048 260096 0 0 0 0 0 0 0 
nw-rodinia-3.6.sm_70.ptx 702 : 130048 260096 0 0 0 0 0 0 0 
nw-rodinia-3.6.sm_70.ptx 703 : 130048 260096 0 0 0 0 0 0 0 
nw-rodinia-3.6.sm_70.ptx 704 : 130048 260096 0 0 0 0 0 0 0 
nw-rodinia-3.6.sm_70.ptx 705 : 130048 260096 0 0 0 0 0 0 0 
nw-rodinia-3.6.sm_70.ptx 706 : 130048 260096 0 0 0 0 0 0 0 
nw-rodinia-3.6.sm_70.ptx 707 : 130048 780288 0 0 0 0 0 0 0 
nw-rodinia-3.6.sm_70.ptx 708 : 130048 1170432 0 0 0 0 0 0 0 
nw-rodinia-3.6.sm_70.ptx 709 : 130048 650240 0 0 0 0 0 0 0 
nw-rodinia-3.6.sm_70.ptx 710 : 130048 1170432 0 0 0 0 0 0 0 
nw-rodinia-3.6.sm_70.ptx 711 : 130048 1170432 0 0 0 0 0 0 0 
nw-rodinia-3.6.sm_70.ptx 712 : 130048 1170432 0 0 0 0 0 0 0 
nw-rodinia-3.6.sm_70.ptx 713 : 130048 780288 0 0 0 0 0 0 0 
nw-rodinia-3.6.sm_70.ptx 714 : 130048 780288 0 0 0 0 0 0 0 
nw-rodinia-3.6.sm_70.ptx 715 : 130048 1300480 0 0 0 0 0 0 0 
nw-rodinia-3.6.sm_70.ptx 716 : 130048 650240 0 0 0 0 0 0 0 
nw-rodinia-3.6.sm_70.ptx 717 : 130048 1170432 0 0 0 0 0 0 0 
nw-rodinia-3.6.sm_70.ptx 718 : 130048 1170432 0 0 0 0 0 0 0 
nw-rodinia-3.6.sm_70.ptx 719 : 130048 1170432 0 0 0 0 0 0 0 
nw-rodinia-3.6.sm_70.ptx 720 : 130048 1170432 0 0 0 0 0 0 0 
nw-rodinia-3.6.sm_70.ptx 721 : 130048 1170432 0 0 0 0 0 0 0 
nw-rodinia-3.6.sm_70.ptx 722 : 130048 46184400 520192 0 0 24384 8128 0 0 
nw-rodinia-3.6.sm_70.ptx 723 : 130048 780288 0 0 0 0 0 0 0 
nw-rodinia-3.6.sm_70.ptx 724 : 130048 650240 0 0 0 0 0 0 0 
nw-rodinia-3.6.sm_70.ptx 725 : 130048 1170432 0 0 0 0 0 0 0 
nw-rodinia-3.6.sm_70.ptx 726 : 130048 390144 0 8128 8128 0 0 0 0 
nw-rodinia-3.6.sm_70.ptx 727 : 130048 780288 0 0 0 0 0 0 0 
nw-rodinia-3.6.sm_70.ptx 728 : 130048 780288 0 0 0 0 0 0 0 
nw-rodinia-3.6.sm_70.ptx 729 : 130048 1170432 0 0 0 0 0 0 0 
nw-rodinia-3.6.sm_70.ptx 730 : 130048 45667760 520192 0 0 24384 8128 0 0 
nw-rodinia-3.6.sm_70.ptx 731 : 130048 390144 0 8128 8128 0 0 0 0 
nw-rodinia-3.6.sm_70.ptx 732 : 130048 1170432 0 0 0 0 0 0 0 
nw-rodinia-3.6.sm_70.ptx 733 : 130048 45712512 520192 0 0 24384 8128 0 0 
nw-rodinia-3.6.sm_70.ptx 734 : 130048 390144 0 8128 8128 0 0 0 0 
nw-rodinia-3.6.sm_70.ptx 735 : 130048 1170432 0 0 0 0 0 0 0 
nw-rodinia-3.6.sm_70.ptx 736 : 130048 45675712 520192 0 0 24384 8128 0 0 
nw-rodinia-3.6.sm_70.ptx 737 : 130048 390144 0 8128 8128 0 0 0 0 
nw-rodinia-3.6.sm_70.ptx 738 : 130048 1170432 0 0 0 0 0 0 0 
nw-rodinia-3.6.sm_70.ptx 739 : 130048 45242112 520192 0 0 24384 8128 0 0 
nw-rodinia-3.6.sm_70.ptx 740 : 130048 390144 0 8128 8128 0 0 0 0 
nw-rodinia-3.6.sm_70.ptx 741 : 130048 1170432 0 0 0 0 0 0 0 
nw-rodinia-3.6.sm_70.ptx 742 : 130048 45176128 520192 0 0 24384 8128 0 0 
nw-rodinia-3.6.sm_70.ptx 743 : 130048 390144 0 8128 8128 0 0 0 0 
nw-rodinia-3.6.sm_70.ptx 744 : 130048 1170432 0 0 0 0 0 0 0 
nw-rodinia-3.6.sm_70.ptx 763 : 130048 45501552 520192 0 0 24384 8128 0 0 
nw-rodinia-3.6.sm_70.ptx 768 : 130048 1170432 0 0 0 0 0 0 0 
nw-rodinia-3.6.sm_70.ptx 769 : 130048 45440592 520192 0 0 16256 8128 0 0 
nw-rodinia-3.6.sm_70.ptx 855 : 24384 438912 0 0 0 0 0 0 0 
nw-rodinia-3.6.sm_70.ptx 866 : 32512 812800 0 16256 8128 0 0 0 0 
nw-rodinia-3.6.sm_70.ptx 867 : 32512 292608 0 0 0 0 0 0 0 
nw-rodinia-3.6.sm_70.ptx 871 : 32512 585216 0 0 0 0 0 0 0 
